-1824.30599998386
-1710.86799998792
-1783.32299998623
-1713.18099998554
-1739.44599998804
-1749.3059999877
-1837.58299998433
-1775.67299998554
-1815.41799998673
-1747.62899998929
-1810.08999998579
-1749.52099998685
-1804.55099998589
-1918.44899998344
-1801.09799998578
-1800.31299998599
-1668.47499998669
-1714.02799998896
-1728.75999998784
-1800.54999998581
-1777.79699998501
-1799.90199998304
-1741.90999998801
-1823.41699998607
-1808.81199998417
-1856.80899998368
-1714.16499998714
-1725.54499998772
-1843.03699998306
-1738.77099998724
-1731.00299998766
-1731.37399998743
-1768.14299998603
-1792.2269999864
-1866.23299998397
-1763.83699998851
-1791.24399998689
-1757.74199998621
-1833.30499998637
-1810.19499998578
-1811.9929999847
-1877.36299998495
-1704.53599998889
-1611.33299998977
-1780.2529999872
-1776.3809999859
-1822.80299998505
-1832.8729999829
-1667.91499998597
-1800.64999998548
-1837.35399998457
-1814.80099998562
-1843.99199998339
-1754.03799998916
-1792.3019999823
-1815.54599998515
-1746.66299998728
-1784.09299998675
-1821.34199998535
-1690.64099998924
-1718.00699998552
-1725.69599998761
-1794.4669999858
-1774.58099998658
-1805.83599998581
-1718.36599998745
-1824.56499998551
-1774.1009999848
-1771.5039999824
-1784.2689999855
-1741.52099998675
-1858.90099998154
-1799.41699998741
-1791.47699998692
-1772.08999998616
-1827.53399998381
-1702.07399998838
-1709.21999998734
-1703.47399998633
-1751.02499998498
-1782.15799998731
-1692.79899998977
-1935.64199998185
-1697.6329999864
-1786.64799998573
-1825.918999986
-1789.2479999876
-1834.31299998567
-1963.2819999804
-1797.8719999868
-1818.25299998405
-1741.80899998799
-1691.02099998716
-1852.64899998346
-1711.62799998794
-1773.71799998713
-1694.68499998936
-1735.87999998775
-1711.28499998835
-1829.10899998512
