-1860.60299999921
-1813.49900000163
-1861.29066666577
-1855.33599999011
-1850.60633333263
-1772.00999999706
-1836.28499999377
-1812.50033332636
-1828.88666666369
-1789.34199999978
-1824.06566666493
-1820.33500000266
-1837.77700000176
-1839.47533333328
-1827.17499999524
-1781.67100000363
-1817.91966666442
-1886.06266666745
-1760.56133332966
-1818.58899999973
-1833.95233332924
-1817.72866666827
-1846.89166665951
-1834.40266666352
-1812.80033333255
-1876.38166666023
-1849.81333332344
-1759.32100000011
-1854.7670000011
-1791.77599999689
-1809.54366667103
-1830.76899999444
-1810.05766666552
-1843.15533332816
-1809.03966667083
-1832.43033332699
-1784.27033333331
-1801.97366666604
-1789.85266666556
-1904.65766666238
-1812.95966666563
-1874.52766666617
-1794.12733333681
-1763.91233332603
-1846.77233332827
-1833.94099999823
-1805.0439999973
-1868.93599999994
-1784.9433333263
-1799.24300000318
-1830.39633333219
-1849.05866666439
-1842.04333332562
-1810.10566666459
-1799.2086666605
-1790.44766666689
-1876.5919999998
-1872.52166666237
-1840.41866666315
-1855.6426666581
-1832.50866666089
-1848.25133332798
-1859.84433333171
-1834.68199999798
-1798.13999999677
-1835.95500000654
-1818.42933332806
-1770.88299999942
-1844.14166666845
-1809.89566666265
-1819.17833332879
-1820.18533333079
-1806.09666666504
-1863.37566666199
-1812.83733333008
-1771.06666666249
-1898.40566666335
-1820.70833332747
-1718.53933333353
-1844.70133332979
-1823.1116666649
-1848.213666668
-1803.96766666376
-1797.61199999757
-1840.98633334065
-1795.59366666289
-1795.9523333339
-1817.44033332929
-1880.35033333452
-1804.89533333255
-1873.97499999812
-1811.92033333204
-1853.17433332767
-1823.43366666
-1843.53299999369
-1893.36533332399
-1779.69533333279
-1785.79666666928
-1799.87566666937
-1851.84566665776
