-1854.27599998178
-2023.60699997854
-1992.88099997958
-1951.28199997907
-1993.49299997889
-1936.7069999798
-1968.62899997834
-1965.15799998039
-1977.05699997929
-1933.62999998082
-1965.71299997915
-1953.07799997981
-1990.12199997663
-1970.68899997984
-1955.27599997979
-1940.08199997967
-2006.15099997982
-1967.09999997937
-1955.42599998059
-1985.89199997784
-1991.28299997821
-1858.90299998151
-1982.76399998068
-1995.02499997787
-2037.47999997793
-1985.08199997809
-2029.40699997729
-1930.32099997954
-1957.62199998072
-1932.64699998044
-2065.20499997822
-2056.71399997806
-1910.27199997892
-1985.57899997902
-1951.64099998039
-1965.87799997995
-1985.27899997788
-1966.59199997964
-2003.0739999778
-1976.14199997925
-1939.88299998057
-1979.76499997918
-2006.3949999776
-1981.60699997848
-1989.10299998001
-2007.71399997783
-2006.65099997933
-2046.55699997913
-1975.87399997875
-1993.20799997781
-2005.94999997641
-1975.25399997965
-1914.60599998026
-1968.34999997902
-1909.66499997882
-2011.45799997781
-1865.83899997746
-2042.41399997729
-2010.66699997929
-1963.82999997993
-1962.27199997942
-2003.85499997901
-2021.90699997653
-2018.50599998009
-1995.19399997971
-1965.83699997872
-2047.75099997731
-2004.41299997809
-1995.94599997767
-2018.64499997862
-2020.67599997743
-2003.26399997842
-1965.35199997903
-2001.36099997923
-2041.34099997794
-1934.36099997922
-2016.78099997818
-1928.51199998144
-2009.49699998001
-2013.99399997774
-1966.34099997838
-1984.69699997909
-2103.45899997769
-1964.13199997966
-2004.56299997947
-1972.45799997889
-1962.64199997949
-1998.72599997937
-1905.38699998183
-1968.27199997952
-1969.4069999784
-1988.336999978
-2003.86999997952
-1999.91599997827
-1985.55599997986
-1911.6899999812
-2005.38299997906
-2010.2479999778
-1982.64799997958
-2037.95299997743
