64.7055468269455 0.117989000000199 0.343229999998796 0.272561000000467 0.266221000000617 939 25 1000 STATEBASED_RAND 0.920666698329461 19.2098676735581 0.0210088872914244 0.554638909946493
92.8918320060486 0.0443699999999982 0.533109999999665 0.422519999999922 0 14 1 100 STATEBASED_RAND 0.596546326576055 19.657238023196 0.0155331708563181 0.794802199255117
73.3286203963335 0.280350000000113 0.584029999999546 0.135619999999979 0 9 2 100 STATEBASED_RAND 0.25037821999303 10.4837317976559 0.29198556979745 0.553737776378979
77.8213511300623 0.325770000000148 0.492759999999759 0.181469999999992 0 11 2 100 STATEBASED_RAND 0.657772124119928 11.4201869379823 0.21846624650921 0.944511862725258
63.5922551939473 0.29375075340313 0.436865048870346 0.0479620279540368 0.221422146177784 562300 18228 1000000 STATEBASED_RAND 0.276898755355225 7.44121382126641 0.0939730155253657 0.92922956572344
63.9674343340832 0.256979426796958 0.453607227691034 0.0700720859111097 0.219341236200071 755611 22169 1000000 STATEBASED_RAND 0.482811290995596 10.3385765130346 0.233497719528851 0.33746479476684
61.7584789645783 0.252647339843356 0.430807057935228 0.0915443789935999 0.225001200139452 712240 20417 1000000 STATEBASED_RAND 0.718698636963358 13.1013934677939 0.289878416196386 0.609428583369324
67.2119609722324 0.145268255993409 0.517335078008495 0.115475265085535 0.221921378172438 660745 20642 1000000 STATEBASED_RAND 0.446188168342313 18.5643382782882 0.118618748438833 0.810472792391885
66.4227390167909 0.1949132364617 0.540332534696102 0.0419282679747583 0.222825938162749 647431 20518 1000000 STATEBASED_RAND 0.0835626568103035 14.0882533993983 0.184066305674643 0.701103170402862
68.7520715507448 0.161532209819218 0.566537039940749 0.0515804089416104 0.220350320189264 575015 19177 1000000 STATEBASED_RAND 0.0150220831926084 13.4597619545924 0.00696062394741952 0.929349720864254
66.6557928284746 0.194362695467597 0.540868024721536 0.0406936049789984 0.224075652149365 659191 20537 1000000 STATEBASED_RAND 0.025928887550686 13.2167517921034 0.157159328766707 0.642736350764863
64.0502516752904 0.219956905193477 0.421187596038255 0.13575294009532 0.223102536159787 713584 20622 1000000 STATEBASED_RAND 0.927416812129047 11.4666244836834 0.164942699235372 0.646177172775463
68.3169324825696 0.177316234650168 0.552115564255766 0.0482599099530138 0.222308269168294 754656 22772 1000000 STATEBASED_RAND 0.0127973468102502 11.7200536382012 0.0895644033744765 0.316945208477296
66.1485960152122 0.212278376275716 0.488781726314307 0.0741403939267389 0.224799480141612 587102 18680 1000000 STATEBASED_RAND 0.286742513667207 9.24455346038777 0.0198765001352301 0.923781696578386
64.6661935613211 0.236122751020338 0.491186225288555 0.053128762936293 0.219562237197704 674029 20582 1000000 STATEBASED_RAND 0.295359439354092 12.2808014099862 0.23687070633139 0.625158933654967
62.1660609732456 0.328772562028039 0.416885840084327 0.031045511005866 0.223296063157714 575580 18613 1000000 STATEBASED_RAND 0.0935274176735093 7.66357824563215 0.201743421797521 0.851635114406997
68.7418463082572 0.133571661118682 0.588675628992276 0.0543698019320309 0.223382888156784 620822 19915 1000000 STATEBASED_RAND 0.0864421809494692 19.2178655877793 0.0830793945971315 0.834729818131183
70.0829026374464 0.0961051150111209 0.447353895758008 0.238874594990865 0.21766637121801 752542 22510 1000000 STATEBASED_RAND 0.546446276617444 19.9513920442906 0.0223596666112354 0.582380640126011
68.9106249759294 0.140393016045623 0.573212928257837 0.0609391559094701 0.225454879134593 699579 21458 1000000 STATEBASED_RAND 0.144508500185101 15.2871783521432 0.0571871737750187 0.577837565763778
62.1145474837039 0.312427858203094 0.348157764820419 0.119670348101652 0.219744006195758 664100 19649 1000000 STATEBASED_RAND 0.99877339741158 6.62488587509137 0.129068484869352 0.7253133881955
64.6561545546192 0.248677266885876 0.353320881765121 0.177047672653044 0.220954156182797 730009 20852 1000000 STATEBASED_RAND 0.651840017946362 6.01051553432388 0.0232653006553954 0.519884601011819
67.231651648398 0.163439923798786 0.445544906777383 0.168943833739838 0.222071313170832 754157 21920 1000000 STATEBASED_RAND 0.713738185220276 12.0592657602668 0.077144964401212 0.505356772525868
59.6067219381153 0.401070169253716 0.345506862848811 0.0285779670053633 0.224844977141125 610651 18880 1000000 STATEBASED_RAND 0.217095729530368 5.62254601420022 0.200001715961845 0.737422900524653
62.3672765970558 0.254078915828024 0.40818827717748 0.117490004093275 0.220242780190416 684890 20207 1000000 STATEBASED_RAND 0.988139620045265 11.6334622221223 0.228237330693862 0.742239670940786
62.9697717791066 0.330831328005989 0.420391387046782 0.028944609005438 0.219832652194808 640757 19728 1000000 STATEBASED_RAND 0.00199720030743498 7.03859217559853 0.186416443803542 0.609571069250615
67.3621618595965 0.190787080505892 0.497022874226043 0.0876940489788081 0.224495973144863 739962 22278 1000000 STATEBASED_RAND 0.298436015051993 9.02236475563718 0.030597645803633 0.441302092578868
68.2878662491061 0.118257308096223 0.463531106584747 0.197779728431 0.220431834188391 734192 21725 1000000 STATEBASED_RAND 0.710121714375038 19.7338947675814 0.0861860852624225 0.62237994997873
61.5912092428305 0.265293853707909 0.41288469312718 0.100209533026889 0.221611897175752 726666 20944 1000000 STATEBASED_RAND 0.872479090873375 12.1013184320653 0.279657028652568 0.578261414020444
70.2342549760293 0.11289157307561 0.561300221692014 0.104975285045198 0.220832899184095 778729 23242 1000000 STATEBASED_RAND 0.295355342931745 17.6932756592023 0.0585383826673675 0.340485582612681
63.7381169230257 0.198940573418567 0.460694135615131 0.117045672091568 0.223319596157462 795025 22405 1000000 STATEBASED_RAND 0.787145332799826 15.944869693343 0.252993557626844 0.37471030222937
68.6323222850934 0.105516164047275 0.341830191888189 0.331770698995928 0.22088292218356 756520 21117 1000000 STATEBASED_RAND 0.893784447058004 17.3031228139545 0.0167815821323458 0.767065792049778
58.9929179131614 0.385222187423452 0.33101889900398 0.0590717799158832 0.224687110142816 725038 20910 1000000 STATEBASED_RAND 0.721399121322389 6.92319182302951 0.297484950161299 0.425568291649953
63.6028635798167 0.268304862675661 0.461729334604044 0.0451013639638611 0.224864415140917 735871 21780 1000000 STATEBASED_RAND 0.278089056386654 10.2214937937546 0.271706992840258 0.354334785022929
62.7750340015531 0.292033911421518 0.3987561522785 0.0882650009810015 0.220944912182896 675370 20268 1000000 STATEBASED_RAND 0.66707101681599 7.9554800004491 0.159730809209743 0.679357385346367
68.4475810027651 0.134253282111381 0.359331392700747 0.291237485430048 0.215177817244662 748683 21541 1000000 STATEBASED_RAND 0.910399807575345 13.0616350067135 0.0285790250769719 0.654103819306057
64.853521406006 0.250432946867073 0.459569753627174 0.0663135308966704 0.223683745153562 599868 19171 1000000 STATEBASED_RAND 0.333603785994278 8.22230720111276 0.0582471330455724 0.873904701636128
70.3495457941477 0.101705336032635 0.484959361355246 0.194710418463873 0.218624861207744 818281 23863 1000000 STATEBASED_RAND 0.498847401467547 18.1698513325163 0.0424501726601506 0.325660135655506
65.9658970782276 0.19246051648797 0.477402429436182 0.105794345048344 0.224342686146505 579200 18813 1000000 STATEBASED_RAND 0.457266528837973 11.8991059888616 0.0753338441137848 0.949350754287723
68.6170550758156 0.1507684689345 0.562751507760946 0.0659795638953874 0.220500438187656 603458 19690 1000000 STATEBASED_RAND 0.194004324355165 15.1200163947046 0.0396204762345275 0.894354359104463
65.3164096331507 0.205667266346522 0.361070301682123 0.207261576329447 0.226000833128746 761463 21743 1000000 STATEBASED_RAND 0.938705802866586 8.40064025875211 0.0533013439985464 0.573059298085542
67.022958510638 0.179168969630325 0.551326324218279 0.0448357779647732 0.224668906143011 558415 18595 1000000 STATEBASED_RAND 0.0203057886195862 14.3402209944745 0.0945820040975614 0.956817554848649
66.0042227596214 0.166644060764469 0.516942714012697 0.0979192360180902 0.218493966209146 632184 19746 1000000 STATEBASED_RAND 0.428709356313902 18.9271801449019 0.18542145448058 0.862438037368673
63.7035757723648 0.207935297322231 0.461960885601564 0.104191043042185 0.225912751129689 624983 19430 1000000 STATEBASED_RAND 0.615205009288716 14.4634462448132 0.196276228221262 0.879309871270931
59.9313912617291 0.366388839625161 0.361666976675733 0.0511201139431912 0.22082404618419 623786 19042 1000000 STATEBASED_RAND 0.513982638024717 7.61674877610838 0.277485000657609 0.764977761714243
62.9311181591064 0.247129730902451 0.450306629726384 0.0791567449460103 0.223406871156528 689344 20476 1000000 STATEBASED_RAND 0.547537299128034 12.4257833568499 0.250488884025481 0.676773874124872
69.1585973562151 0.130684824143966 0.544485170893342 0.102347833035104 0.222482150166432 773126 22954 1000000 STATEBASED_RAND 0.350780758238761 16.1764095705824 0.0817708030723831 0.358994564208665
66.5179611488576 0.17474463967771 0.507982985108658 0.099753257025136 0.217519095219587 781596 22689 1000000 STATEBASED_RAND 0.495461366370069 15.9239654433559 0.199098283564252 0.338170357112852
68.1520136224775 0.142356941024589 0.53085893024613 0.108015646056878 0.218768460206206 724544 21932 1000000 STATEBASED_RAND 0.413079602836203 17.5243933091519 0.119439398506395 0.546559935084805
69.7711746830459 0.115599097086011 0.551704605236246 0.108287865057923 0.224408411145801 745867 22486 1000000 STATEBASED_RAND 0.277124167549016 16.9994726204311 0.0319916109237781 0.511739900946496
63.0010239405436 0.276332651589681 0.337742770931966 0.16341619379904 0.222508361166151 563698 17770 1000000 STATEBASED_RAND 0.899533008178479 6.68697292296541 0.0486008415690627 0.978558203707709
65.0282896403062 0.210050966299572 0.441931018816088 0.127272663130857 0.220745329185033 785329 22290 1000000 STATEBASED_RAND 0.826666105923553 11.5379354597712 0.170689645256237 0.396371897261763
68.229689344676 0.172880321697678 0.502411330168331 0.108872382060169 0.215835943237614 701861 21236 1000000 STATEBASED_RAND 0.411814794601786 11.3187543844426 0.0531744693653539 0.582317524255401
68.8900069006566 0.128942805137274 0.443242617802041 0.205655119346653 0.222159435169888 790261 22891 1000000 STATEBASED_RAND 0.573579349822169 13.6259577859314 0.0345453086004338 0.427918298043273
64.3510246634622 0.19150714249818 0.526891295057677 0.0563518129252242 0.22524972613679 532912 17808 1000000 STATEBASED_RAND 0.232018862493345 19.0295984312098 0.280743969967935 0.990418018675604
