Mean_Throughput Mean_TimeInGoodState Mean_TimeInNormState Mean_TimeInBadWireState Mean_TimeInBadWirelessState Loss Timeout TotalTime protocol alpha_min alpha_max beta_min beta_max
70.5027209412159 0.10813343805733 0.419376045057657 0.252409276845906 0.220081217192146 1331878 33494 1000000 STATEBASED_RAND 0.14912071179092 13.6577418230743 0.00369043355440846 0.0204054545911098
68.1646334207052 0.198400649424349 0.473452652478485 0.104058285041675 0.224088390149228 1451923 36405 1000000 STATEBASED_RAND 0.0898395665408296 6.56077293518967 0.00386336439223964 0.00548430717931076
71.4337025202488 0.116885299090952 0.563993890819956 0.09585239001015 0.223268399158011 1345693 34547 1000000 STATEBASED_RAND 0.0286917248874399 12.4127746361367 0.00258505139560577 0.0123398036945517
69.5537066430664 0.133262811121989 0.408038116179088 0.232025820064217 0.226673230121544 1600069 38519 1000000 STATEBASED_RAND 0.119788548964909 10.5219379093134 0.00189457983107205 0.00469018705829096
68.9716454352737 0.136994428082023 0.142500883023048 0.49944137120014 0.221063295181628 2205407 42571 1000000 STATEBASED_RAND 0.741457930179992 9.62999100313987 0.00496380152415285 0.00577448813513256
68.0493922835544 0.14347826901258 0.108244382057756 0.527375225080663 0.220902101183354 2059208 36745 1000000 STATEBASED_RAND 1.19770504590017 9.04108038593134 0.00652712121959734 0.0263160315632081
70.2682168450876 0.0775181949397155 0.0870681839764037 0.610098744009819 0.225314858136093 2373722 42964 1000000 STATEBASED_RAND 1.70912557361141 18.2038241150807 0.0108888654685243 0.0173408744267158
68.488888569047 0.137457709077061 0.104458091043211 0.530915340248809 0.227168837116236 2794675 44835 1000000 STATEBASED_RAND 1.17270316983233 9.2469442306305 0.00431746397941892 0.00739775931991187
69.3328145616269 0.117543854093482 0.0919628519952076 0.566128642921351 0.22436463014627 2409395 45099 1000000 STATEBASED_RAND 1.7828363747256 10.9251606072882 0.0118793562102745 0.0121490929743118
69.4699536088992 0.126361437127357 0.0723912119200191 0.574763857331502 0.226483473123577 3018575 50083 1000000 STATEBASED_RAND 4.38342083449635 8.77593423182887 0.018698114483799 0.0202424497998786
67.3461850095831 0.200245170404594 0.0679610169029996 0.511855437067183 0.219938352193676 2855428 46314 1000000 STATEBASED_RAND 3.50478701922334 5.28985267285716 0.0130558511212658 0.0191954639027494
71.1374091071291 0.0818928149565215 0.0695775599092099 0.625467829739811 0.223061777160224 3164097 50495 1000000 STATEBASED_RAND 4.42604303100428 14.4865593078949 0.017737387151732 0.0196112745841728
67.3942897525263 0.169337007735627 0.0933564660005614 0.510640741080193 0.226665762121624 3041255 43745 1000000 STATEBASED_RAND 1.4080820006356 7.23112666384835 0.00386272482974783 0.0106254776626443
72.3449255512136 0.065596038893914 0.0609551539094152 0.659099897337249 0.21434889325354 3969822 50696 1000000 STATEBASED_RAND 4.08115897517705 19.3297274500736 0.00963784957285687 0.0160689168484181
71.5081152993151 0.0767710859368453 0.0721028339189112 0.632712377083909 0.218413685210006 3610672 49303 1000000 STATEBASED_RAND 2.3031862370219 16.9759973264188 0.00629096632695919 0.00849198364604026
69.7896459820088 0.11824615709618 0.0756048229323648 0.58708320391664 0.219065796203021 3545079 44940 1000000 STATEBASED_RAND 2.24390627920809 10.369007103317 0.00516808440576004 0.014565005632848
71.8747683608627 0.0678818639026955 0.0581676559189881 0.656697185223126 0.217253278222434 4410705 48807 1000000 STATEBASED_RAND 4.16833097774923 18.4918425411414 0.00767808786210111 0.0202802675100353
71.6811141524924 0.0697793099099849 0.0604060089113011 0.646383406733248 0.223431257156266 4168783 53417 1000000 STATEBASED_RAND 4.26001928479412 17.5347862474317 0.00965457322349928 0.0143165670763087
68.0267137624947 0.15731452886439 0.0771804139384178 0.5406124987094 0.224892536140616 4188436 45175 1000000 STATEBASED_RAND 2.07987241543823 7.6448404452041 0.00321393873132861 0.0139672461168131
68.1063004321152 0.149780181945085 0.0805426579513346 0.540181141688911 0.229495996091312 4502602 48200 1000000 STATEBASED_RAND 1.87868318607969 8.05199424878321 0.00271930712309171 0.00858915344510597
70.6452991997712 0.0999534000259049 0.0682044619039348 0.60802096691113 0.223821152152091 4765018 53160 1000000 STATEBASED_RAND 2.76666636707572 12.3636809491383 0.00446295203053327 0.00744184538781692
71.3329344762311 0.0997448650251038 0.0624056649044338 0.619158956440156 0.218690495207041 4358357 54210 1000000 STATEBASED_RAND 3.78007138789635 11.47392764989 0.00767803351040369 0.00925437058197663
70.2490181811922 0.110082565064818 0.0944292860046829 0.57397913629423 0.221508992176854 4541736 49960 1000000 STATEBASED_RAND 1.34380550186327 11.8042070869376 0.00209614032927153 0.00253350394573702
70.9595513235019 0.0804920619511402 0.079773844948381 0.616116924295667 0.223617150154275 5147741 50287 1000000 STATEBASED_RAND 1.68846912295021 16.6299272429337 0.00227854727232928 0.00492259962641663
69.3735246311882 0.156980478867968 0.0680062059031732 0.556283152453716 0.218730141206616 4671403 52027 1000000 STATEBASED_RAND 2.81008543111854 7.05099209074443 0.00426410196835426 0.0068333041600181
71.3160518948151 0.0671994059000737 0.0605166119109212 0.649399889876523 0.222884075162127 5024039 49207 1000000 STATEBASED_RAND 3.22156763785592 19.7410219487459 0.0046735923038203 0.0161880230199863
71.4698824614313 0.0757210559328114 0.0604531699111391 0.640319730445239 0.223506026155466 4997290 53830 1000000 STATEBASED_RAND 3.50416091899581 16.4730556851593 0.00551940350821732 0.0102151547909141
71.6690318982542 0.0776338019401596 0.0675867409015617 0.634886431187171 0.219893008194162 5169523 53407 1000000 STATEBASED_RAND 2.46322431250626 16.6639652646445 0.00358021027682436 0.00535997459144371
70.6115017128938 0.0852813239695391 0.0656888758942707 0.626807996803466 0.22222178516922 5168493 45929 1000000 STATEBASED_RAND 2.66640233000107 15.1369511010763 0.00340052846335228 0.0173712861822196
71.3525306590189 0.0693446779083152 0.0663515558968165 0.644973660666289 0.219330088200191 5478488 46706 1000000 STATEBASED_RAND 2.40329406336103 19.7799207059573 0.00289948257983405 0.0143942360136134
72.4292126020275 0.061703552906845 0.0542787659323436 0.66028103839335 0.223736626152996 5174634 58859 1000000 STATEBASED_RAND 4.79361001159698 19.3913296677132 0.00808868314473563 0.009295760817949
68.6264461929285 0.169487307734017 0.062778898903152 0.544437518891078 0.223296252157712 5150338 53155 1000000 STATEBASED_RAND 3.37347860605152 6.40198028711694 0.00424669635877406 0.00946950180120847
73.0194709898324 0.0596395039139334 0.0509423309438017 0.669215382817709 0.220202766190844 5489758 60588 1000000 STATEBASED_RAND 5.98001363034361 19.0386194684723 0.00934629037758976 0.0106742010771923
70.9885239932719 0.113953030079687 0.0575792389210089 0.605513309792023 0.222954402161374 5546990 58691 1000000 STATEBASED_RAND 4.51871160162553 9.35515815594939 0.00613957322675816 0.0076549692090736
71.7284047928077 0.0725687569207012 0.0570794799227252 0.650708692938688 0.219643053196839 5466858 50684 1000000 STATEBASED_RAND 4.01643883623948 17.0530629819506 0.00525988005701089 0.0160593736804847
71.8415794947156 0.0819523249567501 0.0537343689342132 0.644284226633542 0.220029062192705 5045033 54160 1000000 STATEBASED_RAND 5.8627807283135 13.5979347785925 0.0093161076194856 0.01831276584635
72.5228180698023 0.0646108028968607 0.0511979909429237 0.664378818587984 0.219812371195025 5230735 56056 1000000 STATEBASED_RAND 6.46890722982069 17.4955726589521 0.0101817617619018 0.0182749279643675
72.4907330924491 0.0757254889328284 0.0508903729439802 0.649832313897062 0.223551807154975 5478672 62504 1000000 STATEBASED_RAND 7.28088496126276 13.5671632334437 0.0115900478036267 0.0126326712917831
72.3233843446287 0.0640226158988807 0.054586410931287 0.660039831381893 0.221351125178545 6121636 56646 1000000 STATEBASED_RAND 4.039496683534 19.0959751275815 0.0048274052191451 0.00874813833337399
70.1346317165251 0.148028605963845 0.0536918089343593 0.576637155420479 0.221642409175425 5809459 58828 1000000 STATEBASED_RAND 5.1376703591727 6.71675154087914 0.00609789625956771 0.00927029029475453
72.4334181349556 0.060574907910721 0.0512159159428622 0.663005005522731 0.225204154137278 6118056 60262 1000000 STATEBASED_RAND 4.88404113095442 19.6792051962946 0.00617035289366199 0.00870971904651603
72.3253360159463 0.0644800398973098 0.0569757179230816 0.657778498274486 0.220765727184815 5796069 56489 1000000 STATEBASED_RAND 3.69320129681993 19.5552605761007 0.00481594657176417 0.00761427685405617
72.3892789888455 0.084449900966345 0.0459260059610291 0.640552779456308 0.22907129609586 6930810 68575 1000000 STATEBASED_RAND 7.93971559868181 11.3912903686945 0.00885578646577334 0.00890935192125309
71.6653063939807 0.0925598919975012 0.0563708349251589 0.629442683928607 0.221626571175595 6114797 58699 1000000 STATEBASED_RAND 4.55307255711084 12.1668519858117 0.00534720292033179 0.00822214060852535
72.0278454724383 0.063919758899234 0.0500038839470246 0.65537213516019 0.230704205078372 6137579 62265 1000000 STATEBASED_RAND 5.8857717671831 18.0756804617474 0.00753827616349337 0.0110402349532798
73.1186415408416 0.0608484159097817 0.0510056389435843 0.669066670810645 0.219079258202877 6459044 61188 1000000 STATEBASED_RAND 5.42684611651434 18.8595410151684 0.00643257415530093 0.0079492011277546
71.4698304766872 0.0909658309913773 0.050269033946114 0.635307726207181 0.223457391155987 6559411 56718 1000000 STATEBASED_RAND 5.79462216971192 11.725456969219 0.00599252110492781 0.0151057214617059
71.1585415902241 0.0888957569834247 0.0710839189149969 0.61968811846529 0.220332187189458 6820801 51462 1000000 STATEBASED_RAND 2.31131130937082 14.5569172196821 0.00206293489303024 0.00656866587153909
72.0615881274025 0.0927135549980916 0.0527828009374811 0.631687257035218 0.222816369162852 6445823 63082 1000000 STATEBASED_RAND 5.36420765582668 11.4794538735782 0.00617925696011255 0.00657117011488807
72.0048960378289 0.106179962049826 0.0466040579587005 0.626641238795545 0.22057472318686 6637883 63346 1000000 STATEBASED_RAND 7.95142833048079 8.76477126905917 0.00867239215880193 0.0124161045716472
72.5502687351782 0.0736933599250216 0.0523795829388658 0.652562558026742 0.221364482178402 6753256 61531 1000000 STATEBASED_RAND 5.11094261198814 15.2768999106609 0.00548528869462963 0.00710438876298693
71.9527795504164 0.076666360936443 0.0606168099105771 0.641230607488503 0.221486204177098 7247478 57435 1000000 STATEBASED_RAND 3.3279878847897 15.9399687666166 0.00298510497965099 0.00519484343998149
71.3969893896199 0.0682983039042954 0.0643213648978548 0.644916824663589 0.222463489166631 6747498 49929 1000000 STATEBASED_RAND 2.56018358867624 19.6048152607888 0.00236176967356979 0.0106275177121302
73.2147783575301 0.0691238599074669 0.0478513059544171 0.662350517491645 0.220674300185794 8008289 65977 1000000 STATEBASED_RAND 6.15997776210307 15.3989595246496 0.00537544237833785 0.00578542600658705
70.2875205078602 0.126782998128976 0.052059238939966 0.596570366367256 0.224587377143884 7211093 56859 1000000 STATEBASED_RAND 5.13918067567944 8.19805542854502 0.00432855536062329 0.0122925738033421
69.6213206370602 0.113178412076712 0.0882520989809519 0.571567348179676 0.227002120118022 7541174 49884 1000000 STATEBASED_RAND 1.52486485034454 11.3655706524689 0.0010670108099958 0.00446679614941341
71.9997288889858 0.0956952560095464 0.0465905619587468 0.633079079101326 0.224635085143373 8538889 63900 1000000 STATEBASED_RAND 6.80700816065399 10.4125629996008 0.00507683897879061 0.0095702025666506
71.5654109186872 0.0725355229205735 0.0498636839475061 0.651824841991702 0.225775934131154 8588664 54787 1000000 STATEBASED_RAND 5.18894239104769 15.9909695321652 0.00362441380507166 0.0166721625534667
68.4046935454289 0.197023697439097 0.0586613619172926 0.522613993951957 0.221700923174799 8471749 57455 1000000 STATEBASED_RAND 3.80167111931447 5.05104764832698 0.00222350978098669 0.00581859161696385
70.6575107197239 0.0748336389294022 0.0876599599786771 0.615677139274779 0.221829243173424 7970145 42910 1000000 STATEBASED_RAND 1.27339196916362 18.98295301431 0.000831284716179227 0.0121544259125141
70.1202418693751 0.124568611120469 0.0558815369268393 0.598161881442848 0.221387951178151 8768358 52283 1000000 STATEBASED_RAND 4.53135693191148 8.82828798323324 0.00276281882520825 0.0163146662499722
69.4706898824041 0.157156502866083 0.0581305699191155 0.557697980520916 0.227014925117885 8679411 60479 1000000 STATEBASED_RAND 4.00858773105246 6.56053162019725 0.0024870481757628 0.00498408708372767
69.5743458631173 0.127607805132145 0.101784861032941 0.54864177609077 0.221965536171965 8355281 48133 1000000 STATEBASED_RAND 1.16006665451455 9.97170640154356 0.00066863663681125 0.00268564538959996
71.7460923009495 0.107634134055412 0.0487401939513644 0.621043459529665 0.22258219416536 8929604 63597 1000000 STATEBASED_RAND 6.20781557923547 9.09004302187359 0.00422350606581966 0.00785843438215083
72.0104262487579 0.0622214939050662 0.0505062789452992 0.665262163629941 0.222010047171488 8538891 53154 1000000 STATEBASED_RAND 4.73106634557762 19.6758033939059 0.00334376103580534 0.0167595333091663
72.5573641519929 0.0748167389293373 0.0507161199445786 0.649666931889207 0.224800192141605 8970631 65600 1000000 STATEBASED_RAND 5.07340964166141 14.7861104993085 0.00363036570540781 0.00422863408066142
71.8541674983952 0.071434333916343 0.0612758479083138 0.650396235923847 0.216893565226286 9910556 49529 1000000 STATEBASED_RAND 3.11285389732237 17.7804513079023 0.00173089128032123 0.0124544954959917
71.7915005998132 0.0663195118966934 0.0636849789000403 0.643312313587379 0.226683178121438 10177175 57878 1000000 STATEBASED_RAND 2.64794661321116 19.4366367181934 0.0014879785689733 0.00309928620087889
71.4185280785371 0.08891275098349 0.0522483079393167 0.636986838286935 0.22185208517318 11214283 54600 1000000 STATEBASED_RAND 4.85726310166403 12.7376316174574 0.00233492033370585 0.0142794576971001
72.484585823519 0.0914071399930727 0.0390693659845765 0.648434252830658 0.22108922418135 11419452 63784 1000000 STATEBASED_RAND 9.44421979107159 10.021234913739 0.00478166783302864 0.0158061059166348
73.2583667058877 0.0674899179011898 0.0392176579840672 0.66890929180317 0.224383116146072 10552869 67765 1000000 STATEBASED_RAND 9.22518876345138 13.9776678844251 0.00552070514616278 0.0113610495621829
72.009011392397 0.0759970269338716 0.0533208999356331 0.648336042825993 0.22234601316789 11862905 57462 1000000 STATEBASED_RAND 4.51898759907064 15.0787712913373 0.00209505014563808 0.00939308074701985
71.52739018372 0.0648720888959634 0.054251262932438 0.657809939275979 0.223066692160171 11796994 50313 1000000 STATEBASED_RAND 3.92018932100394 19.7060271397727 0.00177574046953664 0.018143747771996
71.5166232416406 0.0764002179354205 0.0566539869241865 0.643306086587083 0.223639691154034 12822214 54394 1000000 STATEBASED_RAND 3.76319126401245 15.9672447298501 0.00154318323977186 0.0107785025611688
73.5321778700736 0.0682050599039371 0.0384020609868682 0.672634577980112 0.220758285184894 11752572 67885 1000000 STATEBASED_RAND 9.25850701018167 13.9964819531871 0.00478743239763744 0.0109536460625996
68.7806678070434 0.188091806534759 0.0630284169022951 0.526848173055629 0.222031580171257 12920967 58666 1000000 STATEBASED_RAND 3.24941996170647 5.50703175855197 0.00111013505315484 0.00298653222844231
73.6539787479859 0.0597204999136553 0.0377688889890427 0.677248184199246 0.225262411136654 13311485 70961 1000000 STATEBASED_RAND 8.79468103348961 16.6158160155713 0.0039564131027452 0.00807367061270015
71.9381759543629 0.105409931046867 0.0504279779455682 0.625093576722035 0.219068496202992 13875894 62054 1000000 STATEBASED_RAND 5.73388355585462 9.61732459236743 0.0021566980277858 0.00756585878464625
73.3377871017924 0.0675137339012813 0.0529726109368292 0.663205002532231 0.216308636232551 13119650 63701 1000000 STATEBASED_RAND 4.63139757264005 16.6136007553961 0.00199425278440469 0.00327364015327786
73.4651971466794 0.056272087925498 0.0411043369775879 0.682050057427323 0.220573502186874 15093981 64107 1000000 STATEBASED_RAND 7.21745004747875 18.9758008690438 0.00269275733939932 0.0102412064168033
69.9800190893057 0.140764227041648 0.046571275958813 0.588210061970162 0.224454415145308 14616571 57035 1000000 STATEBASED_RAND 6.3693962136141 6.80134343300077 0.00207387713804028 0.0160403834145096
69.0392547882099 0.141805712030493 0.0639315508991935 0.571953879198035 0.222308837168288 17602794 47559 1000000 STATEBASED_RAND 3.28249380610999 7.91045686598423 0.000803095848792523 0.0168466560856907
73.0172500639275 0.0659951368954473 0.0499698059471416 0.661641300457959 0.222393740167378 18032082 65688 1000000 STATEBASED_RAND 5.05080022618677 17.19361951444 0.00148222417986516 0.00390999156822302
74.2173163126517 0.0594225599146785 0.0395029589830874 0.677491933210824 0.223582532154646 19628039 76403 1000000 STATEBASED_RAND 7.95297537369327 16.4430767188049 0.00224023653344734 0.0025175556897642
71.1756593504395 0.0751603179306572 0.271078545645954 0.437850689859789 0.215910423236816 1484868 35146 1000000 STATEBASED_RAND 0.25084196845371 20.719896853312 0.00455638756415002 0.0180868354337785
70.0451117079694 0.114176379080545 0.417872172073763 0.243404540942348 0.224546885144318 1436192 35415 1000000 STATEBASED_RAND 0.134435751406457 12.7704810076906 0.00283122719142268 0.0132873836683064
72.1558138132845 0.102094197034129 0.584074465773732 0.0896223019862159 0.224209015147936 1360377 35457 1000000 STATEBASED_RAND 0.015737458896672 15.0596834980789 0.00506081409380851 0.0123696702674772
71.5458886770788 0.110838131067721 0.565851100908169 0.101692365032586 0.221618382175683 1258279 32707 1000000 STATEBASED_RAND 0.0382079891798236 13.4610241588205 0.0022733533331379 0.0210721613700007
72.3001168349509 0.0906400269901257 0.579186104541548 0.108292886057943 0.22188096217287 1385433 35655 1000000 STATEBASED_RAND 0.0761631950720964 16.9720679270469 0.00873611662621497 0.0119053647462125
71.7561268273296 0.111154136068935 0.57161796818208 0.0945715700052295 0.222656305164566 1349886 34803 1000000 STATEBASED_RAND 0.0120390727969901 13.4052883839255 0.00164443947619234 0.0124580254751535
71.5365455199483 0.123212359115259 0.55979775662065 0.0972845050156518 0.219705358196172 1383165 35523 1000000 STATEBASED_RAND 0.0286341792354378 11.5557448926479 0.00192115931097082 0.00843303621563322
72.0971501515573 0.111529718070378 0.576183068398911 0.0908380899908866 0.221449103177496 1378360 35379 1000000 STATEBASED_RAND 0.0222211988437261 13.3171523072057 0.00440184142143905 0.010123257801398
70.5330608995472 0.0882816629810655 0.402465803238769 0.282828255520112 0.226424255124211 1429057 35482 1000000 STATEBASED_RAND 0.130362001445788 17.216016715817 0.00303787021038336 0.0152320155396475
70.8683146822413 0.103282595038695 0.459952111623078 0.213529297262318 0.223235973158358 1516719 37542 1000000 STATEBASED_RAND 0.10258237096343 14.5774020449062 0.00289382625357714 0.00781854974613454
71.8662101345269 0.0859807789722262 0.506563231123864 0.187849241537357 0.219606725197228 1472897 37477 1000000 STATEBASED_RAND 0.101859825664884 17.9302386346388 0.00520546372670841 0.00801139968158491
71.4877696572749 0.0810313799532121 0.45315100569592 0.245239632922694 0.220577958186826 1411728 35391 1000000 STATEBASED_RAND 0.0816331890396944 19.1893997452197 0.00175542080139097 0.0137805692240783
70.7949744153464 0.0982104990192092 0.437874995859529 0.23975924898139 0.224155233148512 1547560 37153 1000000 STATEBASED_RAND 0.0798225169556119 15.3099630806334 0.000664469523337882 0.0084268564078677
71.7411181288031 0.107184920053686 0.576957255435683 0.0903916789891716 0.225466125134473 1248651 33048 1000000 STATEBASED_RAND 0.0157244274941877 14.0111838066606 0.00384438980923785 0.0208783014387844
71.9358543060036 0.0808084879523558 0.525912536011189 0.173130782694995 0.220148170191429 1363970 35271 1000000 STATEBASED_RAND 0.112053476423601 19.5768168280702 0.00669605977896558 0.0155788785872102
70.6063105394507 0.136474219087595 0.530467169227522 0.111012782068392 0.222045807171105 1405879 35787 1000000 STATEBASED_RAND 0.102303360305166 10.2293919206309 0.00717235564231341 0.00911071869779463
70.7170942877186 0.0974114160161394 0.36544025563532 0.315815459166812 0.221332846178741 1582327 37270 1000000 STATEBASED_RAND 0.13509560754584 15.0424215072327 0.00161905375219522 0.00781420524162175
72.322852486169 0.110876545067868 0.590905992098212 0.0744254089278339 0.223792034152402 1304483 33551 1000000 STATEBASED_RAND 0.00846752315063834 14.0841459955387 0.0165878433654166 0.0168745338790158
70.2958795372119 0.137459102077046 0.520937173969916 0.11934986310042 0.222253838168877 1334401 34360 1000000 STATEBASED_RAND 0.106323263007101 10.3055611234475 0.00609982948200205 0.0148813640021255
70.3400164628689 0.0996078380245774 0.418425628067836 0.256521644801861 0.2254448661347 1379953 34883 1000000 STATEBASED_RAND 0.224911994816893 15.1693578685891 0.00961317916638694 0.0194162402498693
70.7542475932645 0.0812845099541845 0.321261717108482 0.372070075564313 0.225383674135356 1709185 39277 1000000 STATEBASED_RAND 0.164607347674262 18.8508383438654 0.00270548590368695 0.00565705373245257
72.5477755174009 0.0985244820204154 0.585654012848757 0.0950280540069832 0.220793431184518 1434103 36478 1000000 STATEBASED_RAND 0.0123897215975755 15.3527175379104 0.00349560633001511 0.00725062901069436
71.5199989070828 0.109819474063807 0.515511394028027 0.153026291910318 0.221642817175421 1611731 39682 1000000 STATEBASED_RAND 0.034422763508468 13.1545448144269 0.000321635062249032 0.000736785701058085
71.5806424348594 0.119171067099734 0.569465099079825 0.0887402719828274 0.222623541164917 1291750 33643 1000000 STATEBASED_RAND 0.0846493774870683 12.5088296273444 0.0121869780191643 0.0185758342069377
72.2036006779437 0.108903325060288 0.580201965589798 0.0877474539790132 0.223147235159308 1377144 35131 1000000 STATEBASED_RAND 0.0221259858592845 13.8761048372612 0.00657424604671707 0.0116529297295573
72.8424546952971 0.09563894400933 0.593492483221064 0.0880757719802746 0.222792781163105 1406578 35802 1000000 STATEBASED_RAND 0.00720278216855031 15.9963063902871 0.00756919781633701 0.00959558116190166
69.677919750791 0.132795741126992 0.455113705674899 0.187417070541986 0.224673460142962 1371893 34715 1000000 STATEBASED_RAND 0.122037854821985 10.6645000411259 0.00362873100838001 0.014294887089919
72.5628964883891 0.123291881115564 0.585608563846598 0.0740762149264924 0.217023320224897 1257511 32926 1000000 STATEBASED_RAND 0.00739249002673549 12.2829974348031 0.0162842749611651 0.0163754214866731
72.7027382455738 0.0869187579758297 0.603224358683303 0.0850574889686792 0.224799375141614 1283937 33668 1000000 STATEBASED_RAND 0.0410183866764323 18.785872786442 0.0160930129192637 0.0211959349907156
71.9950441148249 0.126086843126302 0.57334459026409 0.0808139269523767 0.219754619195644 1262011 33127 1000000 STATEBASED_RAND 0.00823877784710131 11.6756351230812 0.00594351138636348 0.0170017596163023
69.9748126634745 0.133060882124152 0.497209298224046 0.142697602020941 0.2270321951177 1439842 36796 1000000 STATEBASED_RAND 0.158593001069356 10.8169540406191 0.00991743198117102 0.0106300617932051
70.9698982122514 0.103669387040181 0.458302651640745 0.214104893256154 0.223923045150999 1626637 38952 1000000 STATEBASED_RAND 0.0684461724291916 14.2318972747415 0.000708087112400162 0.00343550459448961
71.3852382404945 0.107579495055202 0.529847988198113 0.141140741037615 0.221431753177681 1445391 36613 1000000 STATEBASED_RAND 0.052183522459214 13.7125710875086 0.00171280405553286 0.0080833590688293
72.0446641277219 0.0981359220189227 0.577755635473604 0.101431926031585 0.22267649616435 1387446 35691 1000000 STATEBASED_RAND 0.0520687432566627 15.5890093065302 0.00579740581278967 0.0120250233824752
71.942207143306 0.109494051062557 0.553235118308942 0.118543265097322 0.218727544206644 1489442 37375 1000000 STATEBASED_RAND 0.0241280007626675 13.3636758077501 0.000652073722085335 0.00445058090996788
69.8026164155712 0.151631912925252 0.489599982305544 0.138377968067205 0.220390114188838 1336284 34307 1000000 STATEBASED_RAND 0.102444851339996 9.1204796785566 0.00381481360369011 0.0135673758371182
71.4693551005882 0.123384804115921 0.561474184700276 0.0928848589987497 0.222256131168852 1432144 36120 1000000 STATEBASED_RAND 0.058368957489091 11.7496793903232 0.00661537591176837 0.00849045775586703
70.6202709120154 0.104725010044236 0.374962523533335 0.301660132318419 0.21865231120745 1423281 35311 1000000 STATEBASED_RAND 0.188140527783033 13.7884508572881 0.00490602610101688 0.0133951258685424
72.0008065018168 0.0983643840198004 0.582287424688852 0.0936345990016299 0.225713572131822 1286679 33577 1000000 STATEBASED_RAND 0.0236970186475721 15.5448451487804 0.00513009299236735 0.0188812063980798
71.7137172059064 0.0877960989792001 0.47481346946391 0.217096062224118 0.220294346189863 1558547 38556 1000000 STATEBASED_RAND 0.107039838653877 17.3905727031269 0.00439801730457689 0.00544923784549666
71.2484622695201 0.103844248040852 0.508139352106983 0.167468150755643 0.220548226187144 1375204 34518 1000000 STATEBASED_RAND 0.053672361272161 14.3633253179784 0.000353754946003237 0.0146350801366214
70.690128976981 0.130269873142372 0.533199834357317 0.111987731072137 0.224542539144364 1456910 36562 1000000 STATEBASED_RAND 0.0335987077192355 10.9379938391411 0.000764897761009661 0.00642374381116835
71.0333572488038 0.0947957930060909 0.493765056260935 0.184084131577682 0.227354996114242 1561565 38419 1000000 STATEBASED_RAND 0.120719424880675 16.1576647751903 0.0062601517816951 0.0069756056397612
70.6503698253935 0.143244389015085 0.542078092779012 0.0934717780010044 0.221205718180102 1363500 34980 1000000 STATEBASED_RAND 0.0510544891981329 9.88949338941486 0.0033904272092211 0.0109135419385077
72.6746815048777 0.0847589279675322 0.592251630162127 0.103902620041077 0.219086802202796 1296453 33504 1000000 STATEBASED_RAND 0.0703970339270206 18.5107427466985 0.00821993433687406 0.0190231985283815
71.5338223169838 0.110884191067898 0.54911759411337 0.119882016102465 0.220116177191772 1283917 33171 1000000 STATEBASED_RAND 0.151722114768626 13.4183557364418 0.0136160540528545 0.0211061032388906
72.1803042231614 0.0860986289726789 0.5706246531349 0.121066450107015 0.222210247169344 1463174 37235 1000000 STATEBASED_RAND 0.0210601854020886 18.1525117939734 0.00137890791880023 0.00740588095708691
71.6104680725363 0.138306133067974 0.561352651694504 0.081914051956603 0.218427142209862 1284587 33854 1000000 STATEBASED_RAND 0.0204616008124965 10.4900581181063 0.00556398734884864 0.0148716924080375
72.7400819709361 0.0810630859533339 0.596130170346347 0.0982131730192195 0.224593551143818 1473794 37375 1000000 STATEBASED_RAND 0.0133887032763253 19.68288366369 0.00578396424272794 0.00765676874705196
71.960810403299 0.0998356430254525 0.56910057406251 0.108705260059527 0.222358502167756 1472037 37369 1000000 STATEBASED_RAND 0.0639109551809784 15.2423499491764 0.00601253060615192 0.00724158958483064
71.0283189484109 0.104627326043861 0.441391929821862 0.234503234037683 0.219477487198612 1482569 36676 1000000 STATEBASED_RAND 0.110866603388111 14.0405183636514 0.00267427346599102 0.00831146340488208
71.7234602811384 0.0976726410171429 0.482772094378672 0.202080356384939 0.21747488522006 1525805 38019 1000000 STATEBASED_RAND 0.108055114397001 15.0261638254887 0.00438367373151618 0.00489775796963596
72.3328492227578 0.0723303259197852 0.544126989876329 0.162822096805403 0.220720565185298 1365811 34864 1000000 STATEBASED_RAND 0.107051323333939 22.4602525357688 0.00836603860548246 0.0175304484476319
70.6185629880062 0.104575936043663 0.458045188643502 0.213296348264813 0.224082504149291 1411794 35034 1000000 STATEBASED_RAND 0.083007265058841 14.2419042191159 0.0010409213459513 0.0140258080515254
71.4553208955796 0.0904490989893922 0.492529809274165 0.19546605045578 0.221555018176361 1438389 36418 1000000 STATEBASED_RAND 0.130018556350238 17.0959181081776 0.00661155059897916 0.0118849199895475
71.8108669324159 0.0850752369687474 0.547570018039864 0.142138713026927 0.225216010137151 1519602 38221 1000000 STATEBASED_RAND 0.0748076560316482 18.0698641510935 0.00516479797304985 0.00601889951926797
71.0985442729763 0.0869586519759829 0.367975615608166 0.321837470102315 0.223228239158441 1948144 40559 1000000 STATEBASED_RAND 0.103820644526102 17.4913885512977 0.000507156754255714 0.00237716315455941
71.309906470032 0.0931039259995912 0.481271246394746 0.200522164401628 0.225102640138366 1591833 38528 1000000 STATEBASED_RAND 0.0515216089434641 16.0257558987966 0.000685862889632517 0.00376609704184362
71.1892100078791 0.105680274047906 0.496155310235335 0.173503954690998 0.224660438143102 1629712 39513 1000000 STATEBASED_RAND 0.0457745653922777 13.8749732030233 0.000434953105974604 0.0020974193943212
71.2661490684064 0.0970513890147562 0.47333830147971 0.205846065344607 0.2237642211527 1731428 38384 1000000 STATEBASED_RAND 0.0506867747492725 15.3470043486014 0.000140594085050363 0.00435850421794581
71.7792825343974 0.0931830449998952 0.550101360160096 0.133056970124194 0.223658603153831 1498376 37659 1000000 STATEBASED_RAND 0.0815556613419625 16.3162605853509 0.00587732086331184 0.00711315284217517
70.9072684155434 0.106489205051014 0.442443270810602 0.227623354111368 0.223444147156128 1844236 39393 1000000 STATEBASED_RAND 0.0681604295516867 13.6140777222346 0.000202589414415202 0.0025048548788987
71.1350186407255 0.105583293047533 0.525442499988863 0.144917687997163 0.22405649614957 1433400 35849 1000000 STATEBASED_RAND 0.0399992405100889 14.1747818279872 0.00026542196402411 0.0109558058980112
70.3678173850081 0.116049642087742 0.420745270042992 0.242305735954117 0.220899329183384 1435278 35749 1000000 STATEBASED_RAND 0.131684294025734 12.4095055648421 0.00293052024268277 0.0115372224364788
72.1863769222082 0.080539123951321 0.478150377428171 0.223844455151841 0.217466020220155 1565203 38289 1000000 STATEBASED_RAND 0.067388962719175 19.1037126156419 0.00209832756770123 0.0050127459897744
70.4457837098949 0.0940025170030434 0.338230822926739 0.34135022889333 0.226416408124295 1715668 40491 1000000 STATEBASED_RAND 0.169851886605336 15.9666358330009 0.00314560606918586 0.00398684830642606
71.0677263713946 0.0793723789468387 0.353656292761529 0.34316992187384 0.223801383152302 1684247 38656 1000000 STATEBASED_RAND 0.115345309620094 19.3857384540049 0.0012984830520929 0.00628864637965937
68.3292306970147 0.160596560829239 0.342670337879191 0.27243372663144 0.224299352146969 1471714 35789 1000000 STATEBASED_RAND 0.221721246102174 8.39696505643146 0.00507352784538152 0.011530572556167
68.6019468561773 0.151809095923355 0.389245893380357 0.232523404058888 0.226421584124239 1439072 35095 1000000 STATEBASED_RAND 0.139930192193282 9.09275460397332 0.00176545620138237 0.0135138238410155
70.7562924052387 0.100923388029631 0.323332349086305 0.356628316729698 0.219115923202485 2473322 38448 1000000 STATEBASED_RAND 0.153122077077529 14.311877035144 0.000307780953947779 0.00475379001354752
