0 10 0.125
0.01 10 0.125
0.02 10 0.125
0.03 10 0.125
0.04 10 0.125
0.05 10 0.125
0.06 10 0.125
0.07 10 0.125
0.08 10 0.125
0.09 10 0.125
0.1 10 0.125
0.11 9.09090909090909 0.125
0.12 8.33333333333333 0.125
0.13 7.69230769230769 0.125
0.14 7.14285714285714 0.125
0.15 6.66666666666667 0.125
0.16 6.25 0.125
0.17 5.88235294117647 0.125
0.18 5.55555555555555 0.125
0.19 5.26315789473684 0.125
0.2 5 0.125
0.21 4.76190476190476 0.125
0.22 4.54545454545454 0.125
0.23 4.34782608695652 0.125
0.24 4.16666666666667 0.125
0.25 4 0.125
0.26 3.84615384615385 0.125
0.27 3.7037037037037 0.125
0.28 3.57142857142857 0.125
0.29 3.44827586206896 0.125
0.3 3.33333333333333 0.125
0.31 3.2258064516129 0.125
0.32 3.125 0.125
0.33 3.03030303030303 0.125
0.34 2.94117647058823 0.125
0.35 2.85714285714286 0.125
0.36 2.77777777777778 0.125
0.37 2.7027027027027 0.125
0.38 2.63157894736842 0.125
0.39 2.56410256410256 0.125
0.4 2.5 0.125
0.41 2.4390243902439 0.125
0.42 2.38095238095238 0.125
0.43 2.32558139534884 0.125
0.44 2.27272727272727 0.125
0.45 2.22222222222222 0.125
0.46 2.17391304347826 0.125
0.47 2.12765957446808 0.125
0.48 2.08333333333333 0.125
0.49 2.04081632653061 0.125
0.5 2 0.125
0.51 1.96078431372549 0.125
0.52 1.92307692307692 0.125
0.53 1.88679245283019 0.125
0.54 1.85185185185185 0.125
0.55 1.81818181818182 0.125
0.56 1.78571428571428 0.125
0.57 1.75438596491228 0.125
0.58 1.72413793103448 0.125
0.59 1.69491525423729 0.125
0.6 1.66666666666667 0.125
0.61 1.63934426229508 0.125
0.62 1.61290322580645 0.125
0.63 1.58730158730159 0.125
0.64 1.5625 0.125
0.65 1.53846153846154 0.125
0.66 1.51515151515151 0.125
0.67 1.49253731343284 0.125
0.68 1.47058823529412 0.125
0.69 1.44927536231884 0.125
0.7 1.42857142857143 0.125
0.71 1.40845070422535 0.125
0.72 1.38888888888889 0.125
0.73 1.36986301369863 0.125
0.74 1.35135135135135 0.125
0.75 1.33333333333333 0.125
0.76 1.31578947368421 0.125
0.77 1.2987012987013 0.125
0.78 1.28205128205128 0.125
0.79 1.26582278481013 0.125
0.8 1.25 0.125
0.810000000000001 1.23456790123457 0.125
0.820000000000001 1.21951219512195 0.125
0.830000000000001 1.20481927710843 0.125
0.840000000000001 1.19047619047619 0.125
0.850000000000001 1.17647058823529 0.125
0.860000000000001 1.16279069767442 0.125
0.870000000000001 1.14942528735632 0.125
0.880000000000001 1.13636363636364 0.125
0.890000000000001 1.12359550561798 0.125
0.900000000000001 1.11111111111111 0.125
0.910000000000001 1.0989010989011 0.125
0.920000000000001 1.08695652173913 0.125
0.930000000000001 1.0752688172043 0.125
0.940000000000001 1.06382978723404 0.125
0.950000000000001 1.05263157894737 0.125
0.960000000000001 1.04166666666667 0.125
0.970000000000001 1.03092783505155 0.125
0.980000000000001 1.02040816326531 0.125
0.990000000000001 1.01010101010101 0.125
1 0.999999999999999 0.125
1.01 0.990099009900989 0.125535714285714
1.02 0.980392156862744 0.126071428571429
1.03 0.970873786407766 0.126607142857143
1.04 0.961538461538461 0.127142857142857
1.05 0.952380952380952 0.127678571428571
1.06 0.943396226415094 0.128214285714286
1.07 0.934579439252336 0.12875
1.08 0.925925925925925 0.129285714285714
1.09 0.91743119266055 0.129821428571429
1.1 0.909090909090909 0.130357142857143
1.11 0.9009009009009 0.130892857142857
1.12 0.892857142857142 0.131428571428571
1.13 0.884955752212389 0.131964285714286
1.14 0.87719298245614 0.1325
1.15 0.869565217391304 0.133035714285714
1.16 0.862068965517241 0.133571428571429
1.17 0.854700854700854 0.134107142857143
1.18 0.847457627118643 0.134642857142857
1.19 0.840336134453781 0.135178571428571
1.2 0.833333333333333 0.135714285714286
1.21 0.826446280991735 0.13625
1.22 0.81967213114754 0.136785714285714
1.23 0.8130081300813 0.137321428571429
1.24 0.806451612903225 0.137857142857143
1.25 0.799999999999999 0.138392857142857
1.26 0.793650793650793 0.138928571428571
1.27 0.787401574803149 0.139464285714286
1.28 0.781249999999999 0.14
1.29 0.775193798449612 0.140535714285714
1.3 0.769230769230769 0.141071428571429
1.31 0.763358778625954 0.141607142857143
1.32 0.757575757575757 0.142142857142857
1.33 0.75187969924812 0.142678571428571
1.34 0.746268656716417 0.143214285714286
1.35 0.74074074074074 0.14375
1.36 0.735294117647058 0.144285714285714
1.37 0.72992700729927 0.144821428571429
1.38 0.72463768115942 0.145357142857143
1.39 0.719424460431654 0.145892857142857
1.4 0.714285714285714 0.146428571428571
1.41 0.709219858156028 0.146964285714286
1.42 0.704225352112676 0.1475
1.43 0.699300699300699 0.148035714285714
1.44 0.694444444444444 0.148571428571429
1.45 0.689655172413793 0.149107142857143
1.46 0.684931506849315 0.149642857142857
1.47 0.680272108843537 0.150178571428571
1.48 0.675675675675675 0.150714285714286
1.49 0.671140939597315 0.15125
1.5 0.666666666666666 0.151785714285714
1.51 0.662251655629139 0.152321428571429
1.52 0.657894736842105 0.152857142857143
1.53 0.65359477124183 0.153392857142857
1.54 0.649350649350649 0.153928571428571
1.55 0.64516129032258 0.154464285714286
1.56 0.641025641025641 0.155
1.57 0.636942675159235 0.155535714285714
1.58 0.632911392405063 0.156071428571429
1.59 0.628930817610062 0.156607142857143
1.6 0.625 0.157142857142857
1.61 0.62111801242236 0.157678571428572
1.62 0.617283950617283 0.158214285714286
1.63 0.613496932515337 0.15875
1.64 0.609756097560975 0.159285714285714
1.65 0.606060606060606 0.159821428571429
1.66 0.602409638554216 0.160357142857143
1.67 0.59880239520958 0.160892857142857
1.68 0.595238095238095 0.161428571428571
1.69 0.591715976331361 0.161964285714286
1.7 0.588235294117647 0.1625
1.71 0.584795321637426 0.163035714285714
1.72 0.581395348837209 0.163571428571429
1.73 0.578034682080924 0.164107142857143
1.74 0.57471264367816 0.164642857142857
1.75 0.571428571428571 0.165178571428572
1.76 0.568181818181818 0.165714285714286
1.77 0.564971751412429 0.16625
1.78 0.561797752808988 0.166785714285714
1.79 0.558659217877094 0.167321428571429
1.8 0.555555555555555 0.167857142857143
1.81 0.552486187845303 0.168392857142857
1.82 0.549450549450549 0.168928571428571
1.83 0.546448087431694 0.169464285714286
1.84 0.543478260869565 0.17
1.85 0.54054054054054 0.170535714285714
1.86 0.53763440860215 0.171071428571429
1.87 0.53475935828877 0.171607142857143
1.88 0.531914893617021 0.172142857142857
1.89 0.529100529100529 0.172678571428572
1.9 0.526315789473684 0.173214285714286
1.91 0.523560209424083 0.17375
1.92 0.520833333333333 0.174285714285714
1.93 0.518134715025906 0.174821428571429
1.94 0.515463917525773 0.175357142857143
1.95 0.512820512820512 0.175892857142857
1.96 0.510204081632653 0.176428571428571
1.97 0.507614213197969 0.176964285714286
1.98 0.505050505050505 0.1775
1.99 0.50251256281407 0.178035714285714
2 0.5 0.178571428571429
2.01 0.497512437810945 0.179107142857143
2.02 0.495049504950495 0.179642857142857
2.03 0.492610837438423 0.180178571428571
2.04 0.490196078431372 0.180714285714286
2.05 0.48780487804878 0.18125
2.06 0.485436893203884 0.181785714285714
2.07 0.483091787439614 0.182321428571429
2.08 0.480769230769231 0.182857142857143
2.09 0.478468899521531 0.183392857142857
2.1 0.476190476190476 0.183928571428571
2.11 0.4739336492891 0.184464285714286
2.12 0.471698113207547 0.185
2.13 0.469483568075118 0.185535714285714
2.14 0.467289719626169 0.186071428571428
2.15 0.465116279069768 0.186607142857143
2.16 0.462962962962963 0.187142857142857
2.17 0.460829493087558 0.187678571428571
2.18 0.458715596330276 0.188214285714286
2.19 0.456621004566211 0.18875
2.2 0.454545454545455 0.189285714285714
2.21 0.452488687782806 0.189821428571428
2.22 0.450450450450451 0.190357142857143
2.23 0.448430493273543 0.190892857142857
2.24 0.446428571428572 0.191428571428571
2.25 0.444444444444445 0.191964285714285
2.26 0.442477876106195 0.1925
2.27 0.440528634361234 0.193035714285714
2.28 0.438596491228071 0.193571428571428
2.29 0.436681222707424 0.194107142857143
2.29999999999999 0.434782608695653 0.194642857142857
2.30999999999999 0.432900432900434 0.195178571428571
2.31999999999999 0.431034482758622 0.195714285714285
2.32999999999999 0.429184549356224 0.19625
2.33999999999999 0.427350427350428 0.196785714285714
2.34999999999999 0.425531914893618 0.197321428571428
2.35999999999999 0.423728813559323 0.197857142857143
2.36999999999999 0.421940928270043 0.198392857142857
2.37999999999999 0.420168067226892 0.198928571428571
2.38999999999999 0.418410041841005 0.199464285714285
2.39999999999999 0.416666666666668 0.2
2.40999999999999 0.414937759336101 0.200535714285714
2.41999999999999 0.413223140495869 0.201071428571428
2.42999999999999 0.411522633744857 0.201607142857142
2.43999999999999 0.409836065573772 0.202142857142857
2.44999999999999 0.408163265306124 0.202678571428571
2.45999999999999 0.406504065040652 0.203214285714285
2.46999999999999 0.404858299595143 0.20375
2.47999999999999 0.403225806451614 0.204285714285714
2.48999999999999 0.401606425702813 0.204821428571428
2.49999999999999 0.400000000000001 0.205357142857142
2.50999999999999 0.398406374501994 0.205892857142857
2.51999999999999 0.396825396825398 0.206428571428571
2.52999999999999 0.395256916996049 0.206964285714285
2.53999999999999 0.393700787401576 0.207499999999999
2.54999999999999 0.3921568627451 0.208035714285714
2.55999999999999 0.390625000000002 0.208571428571428
2.56999999999999 0.38910505836576 0.209107142857142
2.57999999999999 0.387596899224808 0.209642857142857
2.58999999999999 0.386100386100388 0.210178571428571
2.59999999999999 0.384615384615386 0.210714285714285
2.60999999999999 0.383141762452109 0.211249999999999
2.61999999999999 0.381679389312979 0.211785714285714
2.62999999999999 0.380228136882131 0.212321428571428
2.63999999999999 0.378787878787881 0.212857142857142
2.64999999999999 0.37735849056604 0.213392857142856
2.65999999999999 0.375939849624062 0.213928571428571
2.66999999999999 0.374531835205994 0.214464285714285
2.67999999999999 0.373134328358211 0.214999999999999
2.68999999999999 0.371747211895913 0.215535714285714
2.69999999999999 0.370370370370372 0.216071428571428
2.70999999999999 0.369003690036902 0.216607142857142
2.71999999999999 0.367647058823531 0.217142857142856
2.72999999999999 0.366300366300368 0.217678571428571
2.73999999999999 0.364963503649637 0.218214285714285
2.74999999999999 0.363636363636366 0.218749999999999
2.75999999999999 0.362318840579712 0.219285714285713
2.76999999999998 0.361010830324912 0.219821428571428
2.77999999999998 0.359712230215829 0.220357142857142
2.78999999999998 0.358422939068102 0.220892857142856
2.79999999999998 0.357142857142859 0.221428571428571
2.80999999999998 0.355871886120998 0.221964285714285
2.81999999999998 0.354609929078016 0.222499999999999
2.82999999999998 0.353356890459366 0.223035714285713
2.83999999999998 0.35211267605634 0.223571428571428
2.84999999999998 0.350877192982458 0.224107142857142
2.85999999999998 0.349650349650352 0.224642857142856
2.86999999999998 0.348432055749131 0.225178571428571
2.87999999999998 0.347222222222224 0.225714285714285
2.88999999999998 0.346020761245677 0.226249999999999
2.89999999999998 0.344827586206899 0.226785714285713
2.90999999999998 0.343642611683851 0.227321428571428
2.91999999999998 0.34246575342466 0.227857142857142
2.92999999999998 0.341296928327647 0.228392857142856
2.93999999999998 0.340136054421771 0.22892857142857
2.94999999999998 0.33898305084746 0.229464285714285
2.95999999999998 0.33783783783784 0.229999999999999
2.96999999999998 0.336700336700339 0.230535714285713
2.97999999999998 0.33557046979866 0.231071428571428
2.98999999999998 0.334448160535119 0.231607142857142
2.99999999999998 0.333333333333336 0.232142857142856
3.00999999999998 0.332225913621265 0.23267857142857
3.01999999999998 0.331125827814572 0.233214285714285
3.02999999999998 0.330033003300332 0.233749999999999
3.03999999999998 0.328947368421055 0.234285714285713
3.04999999999998 0.327868852459019 0.234821428571427
3.05999999999998 0.326797385620917 0.235357142857142
3.06999999999998 0.325732899022804 0.235892857142856
3.07999999999998 0.324675324675327 0.23642857142857
3.08999999999998 0.323624595469258 0.236964285714285
3.09999999999998 0.322580645161293 0.237499999999999
3.10999999999998 0.321543408360131 0.238035714285713
3.11999999999998 0.320512820512823 0.238571428571427
3.12999999999998 0.319488817891376 0.239107142857142
3.13999999999998 0.31847133757962 0.239642857142856
3.14999999999998 0.31746031746032 0.24017857142857
3.15999999999998 0.316455696202534 0.240714285714284
3.16999999999998 0.315457413249214 0.241249999999999
3.17999999999998 0.314465408805034 0.241785714285713
3.18999999999998 0.313479623824454 0.242321428571427
3.19999999999998 0.312500000000002 0.242857142857142
3.20999999999998 0.311526479750781 0.243392857142856
3.21999999999998 0.310559006211182 0.24392857142857
3.22999999999998 0.309597523219817 0.244464285714284
3.23999999999997 0.308641975308644 0.244999999999999
3.24999999999997 0.30769230769231 0.245535714285713
3.25999999999997 0.306748466257671 0.246071428571427
3.26999999999997 0.305810397553519 0.246607142857141
3.27999999999997 0.30487804878049 0.247142857142856
3.28999999999997 0.303951367781157 0.24767857142857
3.29999999999997 0.303030303030305 0.248214285714284
3.30999999999997 0.30211480362538 0.248749999999999
3.31999999999997 0.301204819277111 0.249285714285713
3.32999999999997 0.300300300300303 0.249821428571427
3.33999999999997 0.299401197604793 0.250357142857141
3.34999999999997 0.29850746268657 0.250892857142856
3.35999999999997 0.29761904761905 0.25142857142857
3.36999999999997 0.296735905044513 0.251964285714284
3.37999999999997 0.295857988165683 0.252499999999999
3.38999999999997 0.294985250737466 0.253035714285713
3.39999999999997 0.294117647058826 0.253571428571427
3.40999999999997 0.293255131964812 0.254107142857141
3.41999999999997 0.292397660818716 0.254642857142856
3.42999999999997 0.291545189504376 0.25517857142857
3.43999999999997 0.290697674418607 0.255714285714284
3.44999999999997 0.289855072463771 0.256249999999998
3.45999999999997 0.289017341040465 0.256785714285713
3.46999999999997 0.288184438040348 0.257321428571427
3.47999999999997 0.287356321839083 0.257857142857141
3.48999999999997 0.286532951289401 0.258392857142856
3.49999999999997 0.285714285714288 0.25892857142857
3.50999999999997 0.284900284900287 0.259464285714284
3.51999999999997 0.284090909090912 0.259999999999998
3.52999999999997 0.283286118980172 0.260535714285713
3.53999999999997 0.282485875706217 0.261071428571427
3.54999999999997 0.281690140845073 0.261607142857141
3.55999999999997 0.280898876404497 0.262142857142855
3.56999999999997 0.28011204481793 0.26267857142857
3.57999999999997 0.27932960893855 0.263214285714284
3.58999999999997 0.278551532033429 0.263749999999998
3.59999999999997 0.27777777777778 0.264285714285713
3.60999999999997 0.27700831024931 0.264821428571427
3.61999999999997 0.276243093922654 0.265357142857141
3.62999999999997 0.275482093663914 0.265892857142855
3.63999999999997 0.274725274725277 0.26642857142857
3.64999999999997 0.273972602739729 0.266964285714284
3.65999999999997 0.27322404371585 0.267499999999998
3.66999999999997 0.2724795640327 0.268035714285712
3.67999999999997 0.271739130434785 0.268571428571427
3.68999999999997 0.271002710027103 0.269107142857141
3.69999999999997 0.270270270270273 0.269642857142855
3.70999999999996 0.269541778975744 0.270178571428569
3.71999999999996 0.268817204301078 0.270714285714284
3.72999999999996 0.268096514745311 0.271249999999998
3.73999999999996 0.267379679144388 0.271785714285712
3.74999999999996 0.266666666666669 0.272321428571427
3.75999999999996 0.265957446808513 0.272857142857141
3.76999999999996 0.265251989389923 0.273392857142855
3.77999999999996 0.264550264550267 0.273928571428569
3.78999999999996 0.263852242744066 0.274464285714284
3.79999999999996 0.263157894736845 0.274999999999998
3.80999999999996 0.262467191601052 0.275535714285712
3.81999999999996 0.261780104712044 0.276071428571427
3.82999999999996 0.261096605744128 0.276607142857141
3.83999999999996 0.260416666666669 0.277142857142855
3.84999999999996 0.259740259740262 0.277678571428569
3.85999999999996 0.259067357512956 0.278214285714284
3.86999999999996 0.25839793281654 0.278749999999998
3.87999999999996 0.257731958762889 0.279285714285712
3.88999999999996 0.257069408740362 0.279821428571426
3.89999999999996 0.256410256410259 0.280357142857141
3.90999999999996 0.255754475703327 0.280892857142855
3.91999999999996 0.255102040816329 0.281428571428569
3.92999999999996 0.254452926208654 0.281964285714284
3.93999999999996 0.253807106598987 0.282499999999998
3.94999999999996 0.253164556962028 0.283035714285712
3.95999999999996 0.252525252525255 0.283571428571426
3.96999999999996 0.251889168765746 0.284107142857141
3.97999999999996 0.251256281407038 0.284642857142855
3.98999999999996 0.250626566416043 0.285178571428569
3.99999999999996 0.250000000000003 0.285714285714283
4.00999999999996 0.249376558603494 0.286249999999998
4.01999999999996 0.248756218905475 0.286785714285712
4.02999999999996 0.24813895781638 0.287321428571426
4.03999999999996 0.24752475247525 0.287857142857141
4.04999999999996 0.246913580246916 0.288392857142855
4.05999999999996 0.246305418719214 0.288928571428569
4.06999999999996 0.245700245700248 0.289464285714283
4.07999999999996 0.245098039215689 0.289999999999998
4.08999999999996 0.244498777506115 0.290535714285712
4.09999999999996 0.243902439024393 0.291071428571426
4.10999999999996 0.243309002433093 0.291607142857141
4.11999999999996 0.242718446601944 0.292142857142855
4.12999999999996 0.242130750605329 0.292678571428569
4.13999999999996 0.241545893719809 0.293214285714283
4.14999999999996 0.240963855421689 0.293749999999998
4.15999999999996 0.240384615384618 0.294285714285712
4.16999999999996 0.239808153477221 0.294821428571426
4.17999999999996 0.239234449760768 0.29535714285714
4.18999999999996 0.238663484486876 0.295892857142855
4.19999999999995 0.238095238095241 0.296428571428569
4.20999999999995 0.237529691211404 0.296964285714283
4.21999999999995 0.236966824644552 0.297499999999998
4.22999999999995 0.236406619385345 0.298035714285712
4.23999999999995 0.235849056603776 0.298571428571426
4.24999999999995 0.235294117647061 0.29910714285714
4.25999999999995 0.234741784037561 0.299642857142855
4.26999999999995 0.234192037470729 0.300178571428569
4.27999999999995 0.233644859813087 0.300714285714283
4.28999999999995 0.233100233100236 0.301249999999997
4.29999999999995 0.232558139534886 0.301785714285712
4.30999999999995 0.232018561484921 0.302321428571426
4.31999999999995 0.231481481481484 0.30285714285714
4.32999999999995 0.230946882217093 0.303392857142855
4.33999999999995 0.230414746543781 0.303928571428569
4.34999999999995 0.229885057471267 0.304464285714283
4.35999999999995 0.22935779816514 0.304999999999997
4.36999999999995 0.228832951945083 0.305535714285712
4.37999999999995 0.228310502283108 0.306071428571426
4.38999999999995 0.227790432801825 0.30660714285714
4.39999999999995 0.22727272727273 0.307142857142855
4.40999999999995 0.226757369614515 0.307678571428569
4.41999999999995 0.226244343891405 0.308214285714283
4.42999999999995 0.225733634311515 0.308749999999997
4.43999999999995 0.225225225225228 0.309285714285712
4.44999999999995 0.224719101123598 0.309821428571426
4.45999999999995 0.224215246636774 0.31035714285714
4.46999999999995 0.223713646532441 0.310892857142854
4.47999999999995 0.223214285714288 0.311428571428569
4.48999999999995 0.222717149220493 0.311964285714283
4.49999999999995 0.222222222222225 0.312499999999997
4.50999999999995 0.221729490022175 0.313035714285712
4.51999999999995 0.2212389380531 0.313571428571426
4.52999999999995 0.220750551876382 0.31410714285714
4.53999999999995 0.220264317180619 0.314642857142854
4.54999999999995 0.219780219780222 0.315178571428569
4.55999999999995 0.219298245614038 0.315714285714283
4.56999999999995 0.218818380743985 0.316249999999997
4.57999999999995 0.218340611353714 0.316785714285711
4.58999999999995 0.217864923747279 0.317321428571426
4.59999999999995 0.217391304347829 0.31785714285714
4.60999999999995 0.216919739696315 0.318392857142854
4.61999999999995 0.216450216450219 0.318928571428569
4.62999999999995 0.215982721382292 0.319464285714283
4.63999999999995 0.215517241379313 0.319999999999997
4.64999999999995 0.215053763440863 0.320535714285711
4.65999999999995 0.214592274678114 0.321071428571426
4.66999999999994 0.214132762312636 0.32160714285714
4.67999999999994 0.213675213675216 0.322142857142854
4.68999999999994 0.213219616204693 0.322678571428568
4.69999999999994 0.212765957446811 0.323214285714283
4.70999999999994 0.212314225053081 0.323749999999997
4.71999999999994 0.211864406779664 0.324285714285711
4.72999999999994 0.21141649048626 0.324821428571425
4.73999999999994 0.210970464135024 0.32535714285714
4.74999999999994 0.210526315789476 0.325892857142854
4.75999999999994 0.210084033613448 0.326428571428568
4.76999999999994 0.209643605870023 0.326964285714283
4.77999999999994 0.209205020920505 0.327499999999997
4.78999999999994 0.208768267223385 0.328035714285711
4.79999999999994 0.208333333333336 0.328571428571425
4.80999999999994 0.20790020790021 0.32910714285714
4.81999999999994 0.207468879668052 0.329642857142854
4.82999999999994 0.207039337474123 0.330178571428568
4.83999999999994 0.206611570247936 0.330714285714283
4.84999999999994 0.206185567010312 0.331249999999997
4.85999999999994 0.20576131687243 0.331785714285711
4.86999999999994 0.20533880903491 0.332321428571425
4.87999999999994 0.204918032786888 0.33285714285714
4.88999999999994 0.204498977505115 0.333392857142854
4.89999999999994 0.204081632653064 0.333928571428568
4.90999999999994 0.203665987780043 0.334464285714282
4.91999999999994 0.203252032520328 0.334999999999997
4.92999999999994 0.202839756592295 0.335535714285711
4.93999999999994 0.202429149797573 0.336071428571425
4.94999999999994 0.202020202020205 0.33660714285714
4.95999999999994 0.201612903225809 0.337142857142854
4.96999999999994 0.201207243460767 0.337678571428568
4.97999999999994 0.200803212851408 0.338214285714282
4.98999999999994 0.200400801603209 0.338749999999997
4.99999999999994 0.200000000000002 0.339285714285711
5.00999999999994 0.199600798403196 0.339821428571425
5.01999999999994 0.199203187250999 0.340357142857139
5.02999999999994 0.198807157057657 0.340892857142854
5.03999999999994 0.198412698412701 0.341428571428568
5.04999999999994 0.198019801980201 0.341964285714282
5.05999999999994 0.197628458498026 0.342499999999997
5.06999999999994 0.197238658777123 0.343035714285711
5.07999999999994 0.19685039370079 0.343571428571425
5.08999999999994 0.196463654223971 0.344107142857139
5.09999999999994 0.196078431372551 0.344642857142854
5.10999999999994 0.195694716242664 0.345178571428568
5.11999999999994 0.195312500000002 0.345714285714282
5.12999999999994 0.194931773879145 0.346249999999997
5.13999999999993 0.194552529182882 0.346785714285711
5.14999999999993 0.194174757281556 0.347321428571425
5.15999999999993 0.193798449612406 0.347857142857139
5.16999999999993 0.193423597678919 0.348392857142854
5.17999999999993 0.193050193050196 0.348928571428568
5.18999999999993 0.192678227360311 0.349464285714282
5.19999999999993 0.192307692307695 0.349999999999996
5.20999999999993 0.191938579654513 0.350535714285711
5.21999999999993 0.191570881226056 0.351071428571425
5.22999999999993 0.191204588910136 0.351607142857139
5.23999999999993 0.190839694656491 0.352142857142854
5.24999999999993 0.190476190476193 0.352678571428568
5.25999999999993 0.190114068441067 0.353214285714282
5.26999999999993 0.189753320683114 0.353749999999996
5.27999999999993 0.189393939393942 0.354285714285711
5.28999999999993 0.189035916824199 0.354821428571425
5.29999999999993 0.188679245283021 0.355357142857139
5.30999999999993 0.188323917137479 0.355892857142853
5.31999999999993 0.187969924812033 0.356428571428568
5.32999999999993 0.187617260787995 0.356964285714282
5.33999999999993 0.187265917602999 0.357499999999996
5.34999999999993 0.18691588785047 0.358035714285711
5.35999999999993 0.186567164179107 0.358571428571425
5.36999999999993 0.186219739292367 0.359107142857139
5.37999999999993 0.185873605947958 0.359642857142853
5.38999999999993 0.185528756957331 0.360178571428568
5.39999999999993 0.185185185185188 0.360714285714282
5.40999999999993 0.184842883548986 0.361249999999996
5.41999999999993 0.184501845018453 0.36178571428571
5.42999999999993 0.184162062615104 0.362321428571425
5.43999999999993 0.183823529411767 0.362857142857139
5.44999999999993 0.183486238532113 0.363392857142853
5.45999999999993 0.183150183150186 0.363928571428568
5.46999999999993 0.182815356489948 0.364464285714282
5.47999999999993 0.18248175182482 0.364999999999996
5.48999999999993 0.182149362477234 0.36553571428571
5.49999999999993 0.181818181818184 0.366071428571425
5.50999999999993 0.18148820326679 0.366607142857139
5.51999999999993 0.181159420289857 0.367142857142853
5.52999999999993 0.180831826401449 0.367678571428568
5.53999999999993 0.180505415162457 0.368214285714282
5.54999999999993 0.180180180180183 0.368749999999996
5.55999999999993 0.179856115107916 0.36928571428571
5.56999999999993 0.179533213644527 0.369821428571425
5.57999999999993 0.179211469534053 0.370357142857139
5.58999999999993 0.178890876565298 0.370892857142853
5.59999999999993 0.178571428571431 0.371428571428567
5.60999999999992 0.178253119429592 0.371964285714282
5.61999999999992 0.177935943060501 0.372499999999996
5.62999999999992 0.177619893428066 0.37303571428571
5.63999999999992 0.177304964539009 0.373571428571424
5.64999999999992 0.17699115044248 0.374107142857139
5.65999999999992 0.176678445229684 0.374642857142853
5.66999999999992 0.176366843033512 0.375178571428567
5.67999999999992 0.176056338028171 0.375714285714282
5.68999999999992 0.175746924428825 0.376249999999996
5.69999999999992 0.17543859649123 0.37678571428571
5.70999999999992 0.175131348511386 0.377321428571424
5.71999999999992 0.174825174825177 0.377857142857139
5.72999999999992 0.17452006980803 0.378392857142853
5.73999999999992 0.174216027874567 0.378928571428567
5.74999999999992 0.173913043478263 0.379464285714281
5.75999999999992 0.173611111111113 0.379999999999996
5.76999999999992 0.173310225303295 0.38053571428571
5.77999999999992 0.17301038062284 0.381071428571424
5.78999999999992 0.172711571675305 0.381607142857139
5.79999999999992 0.172413793103451 0.382142857142853
5.80999999999992 0.172117039586921 0.382678571428567
5.81999999999992 0.171821305841927 0.383214285714281
5.82999999999992 0.171526586620929 0.383749999999996
5.83999999999992 0.171232876712331 0.38428571428571
5.84999999999992 0.170940170940173 0.384821428571424
5.85999999999992 0.170648464163825 0.385357142857139
5.86999999999992 0.170357751277685 0.385892857142853
5.87999999999992 0.170068027210887 0.386428571428567
5.88999999999992 0.169779286926997 0.386964285714281
5.89999999999992 0.169491525423731 0.387499999999996
5.90999999999992 0.169204737732659 0.38803571428571
5.91999999999992 0.168918918918921 0.388571428571424
5.92999999999992 0.168634064080947 0.389107142857138
5.93999999999992 0.168350168350171 0.389642857142853
5.94999999999992 0.168067226890759 0.390178571428567
5.95999999999992 0.167785234899331 0.390714285714281
5.96999999999992 0.167504187604692 0.391249999999996
5.97999999999992 0.167224080267561 0.39178571428571
5.98999999999992 0.166944908180303 0.392321428571424
5.99999999999992 0.166666666666669 0.392857142857138
6.00999999999992 0.166389351081533 0.393392857142853
6.01999999999992 0.166112956810634 0.393928571428567
6.02999999999992 0.165837479270317 0.394464285714281
6.03999999999992 0.165562913907287 0.394999999999995
6.04999999999992 0.165289256198349 0.39553571428571
6.05999999999992 0.165016501650167 0.396071428571424
6.06999999999992 0.164744645799014 0.396607142857138
6.07999999999991 0.164473684210529 0.397142857142853
6.08999999999991 0.164203612479477 0.397678571428567
6.09999999999991 0.16393442622951 0.398214285714281
6.10999999999991 0.163666121112932 0.398749999999995
6.11999999999991 0.16339869281046 0.39928571428571
6.12999999999991 0.163132137030997 0.399821428571424
6.13999999999991 0.162866449511403 0.400357142857138
6.14999999999991 0.162601626016262 0.400892857142853
6.15999999999991 0.162337662337665 0.401428571428567
6.16999999999991 0.162074554294978 0.401964285714281
6.17999999999991 0.16181229773463 0.402499999999995
6.18999999999991 0.161550888529889 0.40303571428571
6.19999999999991 0.161290322580647 0.403571428571424
6.20999999999991 0.161030595813207 0.404107142857138
6.21999999999991 0.160771704180067 0.404642857142852
6.22999999999991 0.160513643659713 0.405178571428567
6.23999999999991 0.160256410256413 0.405714285714281
6.24999999999991 0.160000000000002 0.406249999999995
6.25999999999991 0.159744408945689 0.40678571428571
6.26999999999991 0.159489633173846 0.407321428571424
6.27999999999991 0.159235668789811 0.407857142857138
6.28999999999991 0.158982511923691 0.408392857142852
6.29999999999991 0.158730158730161 0.408928571428567
6.30999999999991 0.158478605388275 0.409464285714281
6.31999999999991 0.158227848101268 0.409999999999995
6.32999999999991 0.157977883096369 0.410535714285709
6.33999999999991 0.157728706624608 0.411071428571424
6.34999999999991 0.157480314960632 0.411607142857138
6.35999999999991 0.157232704402518 0.412142857142852
6.36999999999991 0.156985871271588 0.412678571428567
6.37999999999991 0.156739811912228 0.413214285714281
6.38999999999991 0.156494522691708 0.413749999999995
6.39999999999991 0.156250000000002 0.414285714285709
6.40999999999991 0.156006240249612 0.414821428571424
6.41999999999991 0.155763239875392 0.415357142857138
6.42999999999991 0.155520995334372 0.415892857142852
6.43999999999991 0.155279503105592 0.416428571428566
6.44999999999991 0.155038759689925 0.416964285714281
6.45999999999991 0.154798761609909 0.417499999999995
6.46999999999991 0.154559505409585 0.418035714285709
6.47999999999991 0.154320987654323 0.418571428571423
6.48999999999991 0.154083204930665 0.419107142857138
6.49999999999991 0.153846153846156 0.419642857142852
6.50999999999991 0.153609831029188 0.420178571428566
6.51999999999991 0.153374233128837 0.420714285714281
6.52999999999991 0.153139356814704 0.421249999999995
6.53999999999991 0.152905198776761 0.421785714285709
6.5499999999999 0.152671755725193 0.422321428571423
6.5599999999999 0.152439024390246 0.422857142857138
6.5699999999999 0.152207001522072 0.423392857142852
6.5799999999999 0.15197568389058 0.423928571428566
6.5899999999999 0.151745068285283 0.424464285714281
6.5999999999999 0.151515151515154 0.424999999999995
6.6099999999999 0.151285930408474 0.425535714285709
6.6199999999999 0.151057401812691 0.426071428571423
6.6299999999999 0.150829562594271 0.426607142857138
6.6399999999999 0.150602409638556 0.427142857142852
6.6499999999999 0.150375939849626 0.427678571428566
6.6599999999999 0.150150150150152 0.42821428571428
6.6699999999999 0.149925037481262 0.428749999999995
6.6799999999999 0.149700598802397 0.429285714285709
6.6899999999999 0.149476831091183 0.429821428571423
6.6999999999999 0.149253731343286 0.430357142857138
6.7099999999999 0.149031296572282 0.430892857142852
6.7199999999999 0.148809523809526 0.431428571428566
6.7299999999999 0.148588410104014 0.43196428571428
6.7399999999999 0.148367952522257 0.432499999999995
6.7499999999999 0.14814814814815 0.433035714285709
6.7599999999999 0.147928994082842 0.433571428571423
6.7699999999999 0.147710487444611 0.434107142857137
6.7799999999999 0.147492625368734 0.434642857142852
6.7899999999999 0.147275405007366 0.435178571428566
6.7999999999999 0.147058823529414 0.43571428571428
6.8099999999999 0.146842878120413 0.436249999999995
6.8199999999999 0.146627565982407 0.436785714285709
6.8299999999999 0.146412884333824 0.437321428571423
6.8399999999999 0.146198830409359 0.437857142857137
6.8499999999999 0.145985401459856 0.438392857142852
6.8599999999999 0.145772594752189 0.438928571428566
6.8699999999999 0.145560407569143 0.43946428571428
6.8799999999999 0.145348837209305 0.439999999999995
6.8899999999999 0.14513788098694 0.440535714285709
6.8999999999999 0.144927536231886 0.441071428571423
6.9099999999999 0.144717800289438 0.441607142857137
6.9199999999999 0.144508670520233 0.442142857142852
6.9299999999999 0.144300144300146 0.442678571428566
6.9399999999999 0.144092219020175 0.44321428571428
6.9499999999999 0.143884892086333 0.443749999999994
6.9599999999999 0.143678160919542 0.444285714285709
6.9699999999999 0.143472022955526 0.444821428571423
6.9799999999999 0.143266475644701 0.445357142857137
6.9899999999999 0.143061516452077 0.445892857142852
6.9999999999999 0.142857142857145 0.446428571428566
7.0099999999999 0.142653352353782 0.44696428571428
7.01999999999989 0.142450142450145 0.447499999999994
7.02999999999989 0.142247510668565 0.448035714285709
7.03999999999989 0.142045454545457 0.448571428571423
7.04999999999989 0.141843971631208 0.449107142857137
7.05999999999989 0.141643059490087 0.449642857142851
7.06999999999989 0.141442715700144 0.450178571428566
7.07999999999989 0.141242937853109 0.45071428571428
7.08999999999989 0.141043723554304 0.451249999999994
7.09999999999989 0.140845070422537 0.451785714285709
7.10999999999989 0.140646976090016 0.452321428571423
7.11999999999989 0.140449438202249 0.452857142857137
7.12999999999989 0.140252454417954 0.453392857142851
7.13999999999989 0.140056022408966 0.453928571428566
7.14999999999989 0.139860139860142 0.45446428571428
7.15999999999989 0.139664804469276 0.454999999999994
7.16999999999989 0.139470013947004 0.455535714285708
7.17999999999989 0.139275766016715 0.456071428571423
7.18999999999989 0.139082058414467 0.456607142857137
7.19999999999989 0.138888888888891 0.457142857142851
7.20999999999989 0.138696255201112 0.457678571428565
7.21999999999989 0.138504155124656 0.45821428571428
7.22999999999989 0.138312586445369 0.458749999999994
7.23999999999989 0.138121546961328 0.459285714285708
7.24999999999989 0.137931034482761 0.459821428571423
7.25999999999989 0.137741046831958 0.460357142857137
7.26999999999989 0.137551581843193 0.460892857142851
7.27999999999989 0.137362637362639 0.461428571428565
7.28999999999989 0.137174211248287 0.46196428571428
7.29999999999989 0.136986301369865 0.462499999999994
7.30999999999989 0.136798905608757 0.463035714285708
7.31999999999989 0.136612021857926 0.463571428571423
7.32999999999989 0.13642564802183 0.464107142857137
7.33999999999989 0.136239782016351 0.464642857142851
7.34999999999989 0.13605442176871 0.465178571428565
7.35999999999989 0.135869565217393 0.46571428571428
7.36999999999989 0.135685210312078 0.466249999999994
7.37999999999989 0.135501355013552 0.466785714285708
7.38999999999989 0.135317997293642 0.467321428571422
7.39999999999989 0.135135135135137 0.467857142857137
7.40999999999989 0.134952766531716 0.468392857142851
7.41999999999989 0.134770889487873 0.468928571428565
7.42999999999989 0.134589502018845 0.46946428571428
7.43999999999989 0.13440860215054 0.469999999999994
7.44999999999989 0.134228187919465 0.470535714285708
7.45999999999989 0.134048257372656 0.471071428571422
7.46999999999989 0.133868808567606 0.471607142857137
7.47999999999989 0.133689839572195 0.472142857142851
7.48999999999988 0.133511348464622 0.472678571428565
7.49999999999988 0.133333333333335 0.473214285714279
7.50999999999988 0.133155792276966 0.473749999999994
7.51999999999988 0.132978723404257 0.474285714285708
7.52999999999988 0.132802124833999 0.474821428571422
7.53999999999988 0.132625994694962 0.475357142857137
7.54999999999988 0.13245033112583 0.475892857142851
7.55999999999988 0.132275132275134 0.476428571428565
7.56999999999988 0.132100396301191 0.476964285714279
7.57999999999988 0.131926121372034 0.477499999999994
7.58999999999988 0.131752305665351 0.478035714285708
7.59999999999988 0.131578947368423 0.478571428571422
7.60999999999988 0.131406044678057 0.479107142857137
7.61999999999988 0.131233595800527 0.479642857142851
7.62999999999988 0.131061598951509 0.480178571428565
7.63999999999988 0.130890052356023 0.480714285714279
7.64999999999988 0.130718954248368 0.481249999999994
7.65999999999988 0.130548302872065 0.481785714285708
7.66999999999988 0.130378096479793 0.482321428571422
7.67999999999988 0.130208333333335 0.482857142857136
7.68999999999988 0.130039011703513 0.483392857142851
7.69999999999988 0.129870129870132 0.483928571428565
7.70999999999988 0.129701686121922 0.484464285714279
7.71999999999988 0.129533678756479 0.484999999999994
7.72999999999988 0.129366106080209 0.485535714285708
7.73999999999988 0.129198966408271 0.486071428571422
7.74999999999988 0.129032258064518 0.486607142857136
7.75999999999988 0.128865979381445 0.487142857142851
7.76999999999988 0.128700128700131 0.487678571428565
7.77999999999988 0.128534704370182 0.488214285714279
7.78999999999988 0.128369704749681 0.488749999999993
7.79999999999988 0.12820512820513 0.489285714285708
7.80999999999988 0.128040973111398 0.489821428571422
7.81999999999988 0.127877237851664 0.490357142857136
7.82999999999988 0.127713920817371 0.490892857142851
7.83999999999988 0.127551020408165 0.491428571428565
7.84999999999988 0.127388535031849 0.491964285714279
7.85999999999988 0.127226463104328 0.492499999999993
7.86999999999988 0.127064803049557 0.493035714285708
7.87999999999988 0.126903553299494 0.493571428571422
7.88999999999988 0.126742712294045 0.494107142857136
7.89999999999988 0.126582278481015 0.494642857142851
7.90999999999988 0.126422250316058 0.495178571428565
7.91999999999988 0.126262626262628 0.495714285714279
7.92999999999988 0.126103404791931 0.496249999999993
7.93999999999988 0.125944584382874 0.496785714285708
7.94999999999987 0.125786163522015 0.497321428571422
7.95999999999987 0.12562814070352 0.497857142857136
7.96999999999987 0.125470514429111 0.49839285714285
7.97999999999987 0.125313283208022 0.498928571428565
7.98999999999987 0.125156445556948 0.499464285714279
7.99999999999987 0.125000000000002 0.499999999999993
8.00999999999987 0.124843945068666 0.5
8.01999999999987 0.124688279301748 0.5
8.02999999999987 0.124533001245332 0.5
8.03999999999987 0.124378109452738 0.5
8.04999999999987 0.124223602484474 0.5
8.05999999999987 0.124069478908191 0.5
8.06999999999987 0.123915737298639 0.5
8.07999999999987 0.123762376237626 0.5
8.08999999999987 0.12360939431397 0.5
8.09999999999987 0.123456790123459 0.5
8.10999999999987 0.123304562268806 0.5
8.11999999999987 0.123152709359608 0.5
8.12999999999987 0.123001230012302 0.5
8.13999999999987 0.122850122850125 0.5
8.14999999999987 0.122699386503069 0.5
8.15999999999987 0.122549019607845 0.5
8.16999999999987 0.122399020807835 0.5
8.17999999999987 0.122249388753058 0.5
8.18999999999987 0.122100122100124 0.5
8.19999999999987 0.121951219512197 0.5
8.20999999999987 0.121802679658954 0.5
8.21999999999987 0.121654501216547 0.5
8.22999999999987 0.12150668286756 0.5
8.23999999999987 0.121359223300973 0.5
8.24999999999987 0.121212121212123 0.5
8.25999999999987 0.121065375302665 0.5
8.26999999999987 0.120918984280534 0.5
8.27999999999987 0.120772946859905 0.5
8.28999999999987 0.12062726176116 0.5
8.29999999999987 0.120481927710845 0.5
8.30999999999987 0.120336943441639 0.5
8.31999999999987 0.12019230769231 0.5
8.32999999999987 0.120048019207685 0.5
8.33999999999987 0.119904076738611 0.5
8.34999999999987 0.119760479041918 0.5
8.35999999999987 0.119617224880385 0.5
8.36999999999987 0.119474313022702 0.5
8.37999999999987 0.119331742243439 0.5
8.38999999999987 0.119189511323005 0.5
8.39999999999987 0.119047619047621 0.5
8.40999999999987 0.118906064209277 0.5
8.41999999999986 0.118764845605703 0.5
8.42999999999986 0.118623962040334 0.5
8.43999999999986 0.118483412322277 0.5
8.44999999999986 0.118343195266274 0.5
8.45999999999986 0.118203309692673 0.5
8.46999999999986 0.118063754427393 0.5
8.47999999999986 0.117924528301889 0.5
8.48999999999986 0.117785630153123 0.5
8.49999999999986 0.117647058823531 0.5
8.50999999999986 0.117508813160989 0.5
8.51999999999986 0.117370892018781 0.5
8.52999999999986 0.11723329425557 0.5
8.53999999999986 0.117096018735365 0.5
8.54999999999986 0.116959064327487 0.5
8.55999999999986 0.116822429906544 0.5
8.56999999999986 0.116686114352394 0.5
8.57999999999986 0.116550116550118 0.5
8.58999999999986 0.11641443538999 0.5
8.59999999999986 0.116279069767444 0.5
8.60999999999986 0.116144018583045 0.5
8.61999999999986 0.116009280742461 0.5
8.62999999999986 0.115874855156433 0.5
8.63999999999986 0.115740740740743 0.5
8.64999999999986 0.115606936416187 0.5
8.65999999999986 0.115473441108547 0.5
8.66999999999986 0.11534025374856 0.5
8.67999999999986 0.115207373271891 0.5
8.68999999999986 0.115074798619104 0.5
8.69999999999986 0.114942528735634 0.5
8.70999999999986 0.114810562571758 0.5
8.71999999999986 0.114678899082571 0.5
8.72999999999986 0.114547537227951 0.5
8.73999999999986 0.114416475972542 0.5
8.74999999999986 0.114285714285716 0.5
8.75999999999986 0.114155251141554 0.5
8.76999999999986 0.114025085518816 0.5
8.77999999999986 0.113895216400913 0.5
8.78999999999986 0.113765642775884 0.5
8.79999999999986 0.113636363636365 0.5
8.80999999999986 0.113507377979571 0.5
8.81999999999986 0.113378684807258 0.5
8.82999999999986 0.11325028312571 0.5
8.83999999999986 0.113122171945703 0.5
8.84999999999986 0.112994350282488 0.5
8.85999999999986 0.112866817155758 0.5
8.86999999999986 0.11273957158963 0.5
8.87999999999986 0.112612612612614 0.5
8.88999999999985 0.112485939257595 0.5
8.89999999999985 0.1123595505618 0.5
8.90999999999985 0.112233445566781 0.5
8.91999999999985 0.112107623318387 0.5
8.92999999999985 0.111982082866743 0.5
8.93999999999985 0.111856823266221 0.5
8.94999999999985 0.111731843575421 0.5
8.95999999999985 0.111607142857145 0.5
8.96999999999985 0.111482720178374 0.5
8.97999999999985 0.111358574610247 0.5
8.98999999999985 0.111234705228033 0.5
8.99999999999985 0.111111111111113 0.5
9.00999999999985 0.110987791342954 0.5
9.01999999999985 0.110864745011088 0.5
9.02999999999985 0.110741971207089 0.5
9.03999999999985 0.11061946902655 0.5
9.04999999999985 0.110497237569063 0.5
9.05999999999985 0.110375275938192 0.5
9.06999999999985 0.110253583241457 0.5
9.07999999999985 0.11013215859031 0.5
9.08999999999985 0.110011001100112 0.5
9.09999999999985 0.109890109890112 0.5
9.10999999999985 0.109769484083427 0.5
9.11999999999985 0.109649122807019 0.5
9.12999999999985 0.109529025191678 0.5
9.13999999999985 0.109409190371993 0.5
9.14999999999985 0.109289617486341 0.5
9.15999999999985 0.109170305676858 0.5
9.16999999999985 0.109051254089424 0.5
9.17999999999985 0.10893246187364 0.5
9.18999999999985 0.108813928182809 0.5
9.19999999999985 0.108695652173915 0.5
9.20999999999985 0.108577633007602 0.5
9.21999999999985 0.108459869848158 0.5
9.22999999999985 0.10834236186349 0.5
9.23999999999985 0.10822510822511 0.5
9.24999999999985 0.10810810810811 0.5
9.25999999999985 0.107991360691147 0.5
9.26999999999985 0.10787486515642 0.5
9.27999999999985 0.107758620689657 0.5
9.28999999999985 0.107642626480088 0.5
9.29999999999985 0.107526881720432 0.5
9.30999999999985 0.107411385606876 0.5
9.31999999999985 0.107296137339058 0.5
9.32999999999985 0.107181136120045 0.5
9.33999999999985 0.107066381156319 0.5
9.34999999999985 0.106951871657756 0.5
9.35999999999984 0.106837606837609 0.5
9.36999999999984 0.106723585912488 0.5
9.37999999999984 0.106609808102347 0.5
9.38999999999984 0.10649627263046 0.5
9.39999999999984 0.106382978723406 0.5
9.40999999999984 0.106269925611054 0.5
9.41999999999984 0.106157112526541 0.5
9.42999999999984 0.106044538706258 0.5
9.43999999999984 0.105932203389832 0.5
9.44999999999984 0.105820105820108 0.5
9.45999999999984 0.105708245243131 0.5
9.46999999999984 0.105596620908133 0.5
9.47999999999984 0.105485232067512 0.5
9.48999999999984 0.105374077976819 0.5
9.49999999999984 0.105263157894739 0.5
9.50999999999984 0.105152471083072 0.5
9.51999999999984 0.105042016806724 0.5
9.52999999999984 0.104931794333685 0.5
9.53999999999984 0.104821802935012 0.5
9.54999999999984 0.104712041884819 0.5
9.55999999999984 0.104602510460253 0.5
9.56999999999984 0.104493207941486 0.5
9.57999999999984 0.104384133611693 0.5
9.58999999999984 0.10427528675704 0.5
9.59999999999984 0.104166666666668 0.5
9.60999999999984 0.104058272632676 0.5
9.61999999999984 0.103950103950106 0.5
9.62999999999984 0.103842159916928 0.5
9.63999999999984 0.103734439834027 0.5
9.64999999999984 0.103626943005183 0.5
9.65999999999984 0.103519668737062 0.5
9.66999999999984 0.103412616339195 0.5
9.67999999999984 0.103305785123969 0.5
9.68999999999984 0.103199174406606 0.5
9.69999999999984 0.103092783505156 0.5
9.70999999999984 0.102986611740475 0.5
9.71999999999984 0.102880658436216 0.5
9.72999999999984 0.10277492291881 0.5
9.73999999999984 0.102669404517456 0.5
9.74999999999984 0.102564102564104 0.5
9.75999999999984 0.102459016393444 0.5
9.76999999999984 0.102354145342888 0.5
9.77999999999984 0.102249488752558 0.5
9.78999999999984 0.102145045965272 0.5
9.79999999999984 0.102040816326532 0.5
9.80999999999984 0.101936799184507 0.5
9.81999999999984 0.101832993890022 0.5
9.82999999999983 0.101729399796543 0.5
9.83999999999983 0.101626016260164 0.5
9.84999999999983 0.101522842639596 0.5
9.85999999999983 0.101419878296148 0.5
9.86999999999983 0.10131712259372 0.5
9.87999999999983 0.101214574898787 0.5
9.88999999999983 0.101112234580386 0.5
9.89999999999983 0.101010101010103 0.5
9.90999999999983 0.10090817356206 0.5
9.91999999999983 0.100806451612905 0.5
9.92999999999983 0.100704934541794 0.5
9.93999999999983 0.100603621730384 0.5
9.94999999999983 0.100502512562816 0.5
9.95999999999983 0.100401606425705 0.5
9.96999999999983 0.100300902708126 0.5
9.97999999999983 0.100200400801605 0.5
9.98999999999983 0.100100100100102 0.5
9.99999999999983 0.100000000000002 0.5
10.0099999999998 0.0999000999001016 0.5
10.0199999999998 0.0998003992015985 0.5
10.0299999999998 0.0997008973080775 0.5
10.0399999999998 0.0996015936254997 0.5
10.0499999999998 0.0995024875621907 0.5
10.0599999999998 0.0994035785288287 0.5
10.0699999999998 0.0993048659384327 0.5
10.0799999999998 0.0992063492063509 0.5
10.0899999999998 0.0991080277502494 0.5
10.0999999999998 0.0990099009901007 0.5
10.1099999999998 0.0989119683481718 0.5
10.1199999999998 0.0988142292490135 0.5
10.1299999999998 0.0987166831194489 0.5
10.1399999999998 0.0986193293885618 0.5
10.1499999999998 0.0985221674876864 0.5
10.1599999999998 0.0984251968503954 0.5
10.1699999999998 0.0983284169124894 0.5
10.1799999999998 0.0982318271119859 0.5
10.1899999999998 0.0981354268891086 0.5
10.1999999999998 0.0980392156862762 0.5
10.2099999999998 0.0979431929480918 0.5
10.2199999999998 0.0978473581213324 0.5
10.2299999999998 0.0977517106549381 0.5
10.2399999999998 0.0976562500000017 0.5
10.2499999999998 0.0975609756097578 0.5
10.2599999999998 0.0974658869395728 0.5
10.2699999999998 0.0973709834469345 0.5
10.2799999999998 0.0972762645914413 0.5
10.2899999999998 0.0971817298347927 0.5
10.2999999999998 0.0970873786407783 0.5
10.3099999999998 0.0969932104752684 0.5
10.3199999999998 0.0968992248062032 0.5
10.3299999999998 0.0968054211035835 0.5
10.3399999999998 0.0967117988394601 0.5
10.3499999999998 0.0966183574879244 0.5
10.3599999999998 0.0965250965250982 0.5
10.3699999999998 0.0964320154291241 0.5
10.3799999999998 0.0963391136801558 0.5
10.3899999999998 0.0962463907603481 0.5
10.3999999999998 0.0961538461538478 0.5
10.4099999999998 0.0960614793467836 0.5
10.4199999999998 0.0959692898272569 0.5
10.4299999999998 0.0958772770853324 0.5
10.4399999999998 0.0957854406130285 0.5
10.4499999999998 0.0956937799043079 0.5
10.4599999999998 0.0956022944550686 0.5
10.4699999999998 0.0955109837631344 0.5
10.4799999999998 0.0954198473282459 0.5
10.4899999999998 0.0953288846520512 0.5
10.4999999999998 0.0952380952380969 0.5
10.5099999999998 0.0951474785918189 0.5
10.5199999999998 0.095057034220534 0.5
10.5299999999998 0.0949667616334299 0.5
10.5399999999998 0.0948766603415576 0.5
10.5499999999998 0.0947867298578215 0.5
10.5599999999998 0.0946969696969713 0.5
10.5699999999998 0.0946073793755929 0.5
10.5799999999998 0.0945179584120999 0.5
10.5899999999998 0.0944287063267249 0.5
10.5999999999998 0.0943396226415111 0.5
10.6099999999998 0.0942507068803032 0.5
10.6199999999998 0.0941619585687398 0.5
10.6299999999998 0.0940733772342443 0.5
10.6399999999998 0.0939849624060166 0.5
10.6499999999998 0.0938967136150251 0.5
10.6599999999998 0.0938086303939979 0.5
10.6699999999998 0.0937207122774149 0.5
10.6799999999998 0.0936329588014997 0.5
10.6899999999998 0.0935453695042111 0.5
10.6999999999998 0.0934579439252353 0.5
10.7099999999998 0.0933706816059773 0.5
10.7199999999998 0.0932835820895538 0.5
10.7299999999998 0.0931966449207845 0.5
10.7399999999998 0.0931098696461841 0.5
10.7499999999998 0.0930232558139551 0.5
10.7599999999998 0.0929368029739793 0.5
10.7699999999998 0.0928505106778103 0.5
10.7799999999998 0.0927643784786658 0.5
10.7899999999998 0.0926784059314196 0.5
10.7999999999998 0.0925925925925942 0.5
10.8099999999998 0.0925069380203531 0.5
10.8199999999998 0.0924214417744933 0.5
10.8299999999998 0.0923361034164374 0.5
10.8399999999998 0.0922509225092267 0.5
10.8499999999998 0.0921658986175131 0.5
10.8599999999998 0.0920810313075522 0.5
10.8699999999998 0.0919963201471957 0.5
10.8799999999998 0.0919117647058839 0.5
10.8899999999998 0.0918273645546389 0.5
10.8999999999998 0.0917431192660566 0.5
10.9099999999998 0.0916590284143004 0.5
10.9199999999998 0.0915750915750932 0.5
10.9299999999998 0.0914913083257106 0.5
10.9399999999998 0.0914076782449742 0.5
10.9499999999998 0.0913242009132436 0.5
10.9599999999998 0.0912408759124103 0.5
10.9699999999998 0.0911577028258904 0.5
10.9799999999998 0.0910746812386172 0.5
10.9899999999998 0.0909918107370352 0.5
10.9999999999998 0.0909090909090925 0.5
