-1828.69999999988
-1835.36666666654
-1848.29999999988
-1809.23333333322
-1795.1999999999
-1908.06666666651
-1802.26666666656
-1853.06666666655
-1770.03333333323
-1837.3333333332
-1857.19999999988
-1841.39999999989
-1872.56666666649
-1840.76666666657
-1785.19999999989
-1770.66666666656
-1887.26666666652
-1845.43333333324
-1815.99999999989
-1895.66666666649
-1838.63333333322
-1869.69999999988
-1799.93333333323
-1822.09999999991
-1806.16666666657
-1816.96666666657
-1820.09999999985
-1823.99999999987
-1782.59999999985
-1830.03333333324
-1803.99999999991
-1797.46666666655
-1835.73333333323
-1809.86666666654
-1820.56666666655
-1827.29999999988
-1862.96666666654
-1824.86666666657
-1844.93333333322
-1785.06666666655
-1824.86666666657
-1779.59999999988
-1870.69999999987
-1824.79999999988
-1809.86666666654
-1804.1333333332
-1908.26666666651
-1859.69999999989
-1745.73333333325
-1812.36666666658
-1842.76666666652
-1844.7666666666
-1822.53333333322
-1809.76666666658
-1823.29999999989
-1841.19999999992
-1875.73333333316
-1865.06666666654
-1754.43333333326
-1866.96666666655
-1888.99999999984
-1821.96666666655
-1869.13333333319
-1886.0333333332
-1912.96666666652
-1785.39999999989
-1878.83333333318
-1817.49999999991
-1842.99999999989
-1831.73333333321
-1875.09999999984
-1792.46666666658
-1783.46666666655
-1817.29999999989
-1842.73333333321
-1841.99999999985
-1796.39999999988
-1796.93333333323
-1808.79999999986
-1795.59999999989
-1811.93333333323
-1796.63333333323
-1849.53333333323
-1829.69999999987
-1865.83333333317
-1847.1333333332
-1767.43333333323
-1853.73333333321
-1811.36666666657
-1818.33333333321
-1814.93333333324
-1810.7999999999
-1848.13333333319
-1822.86666666657
-1790.99999999993
-1873.59999999987
-1898.03333333321
-1832.43333333321
-1821.33333333322
-1816.89999999988
-1861.59999999987
-1853.96666666656
-1795.2666666666
-1764.39999999987
-1847.4999999999
-1777.29999999992
-1865.59999999987
-1817.19999999987
-1852.33333333323
-1841.49999999987
-1890.49999999989
-1843.5999999999
-1865.96666666654
-1813.26666666656
-1814.46666666658
-1871.33333333316
-1817.9333333332
-1832.19999999991
-1810.53333333321
-1800.2999999999
-1896.23333333317
-1852.26666666653
-1812.36666666654
-1843.36666666657
-1817.69999999989
-1856.56666666658
-1848.69999999988
-1811.46666666659
-1875.89999999989
-1829.36666666657
-1779.03333333323
-1861.36666666654
-1874.49999999987
-1867.6333333332
-1854.39999999988
-1823.43333333326
-1823.99999999987
-1835.39999999987
-1814.43333333323
-1811.93333333326
-1810.46666666656
-1844.76666666656
-1800.33333333324
-1828.96666666655
-1856.93333333317
-1798.16666666655
-1791.46666666657
-1856.73333333317
-1828.46666666655
-1893.13333333325
-1833.33333333318
-1825.33333333325
-1829.89999999989
-1848.16666666655
-1861.43333333318
-1805.19999999988
-1864.96666666653
-1857.53333333319
-1830.39999999985
-1789.53333333325
-1893.03333333322
-1806.96666666655
-1784.99999999991
-1838.53333333321
-1822.16666666657
-1875.56666666656
-1850.96666666655
-1740.43333333325
-1810.66666666655
-1851.93333333317
-1827.63333333322
-1788.83333333324
-1805.23333333324
-1829.9333333332
-1806.36666666653
-1853.96666666653
-1811.53333333321
-1796.19999999989
-1844.99999999991
-1840.13333333323
-1837.53333333321
-1836.36666666649
-1872.86666666652
-1784.26666666655
-1862.59999999989
-1790.76666666654
-1854.86666666655
-1819.36666666654
-1816.53333333321
-1822.33333333323
-1892.66666666654
-1802.23333333322
-1796.16666666656
-1852.56666666653
-1864.86666666655
-1822.6999999999
-1858.89999999988
-1799.73333333328
-1863.89999999985
-1819.39999999989
