-1687.49699998934
-1745.87999998799
-1724.16099998913
-1736.86799998481
-1775.26399998881
-1658.61899998859
-1799.50199998677
-1769.39399998868
-1723.75199998932
-1818.2349999864
-1713.57999998775
-1728.62799998787
-1745.71699998784
-1694.77899998944
-1720.51299998927
-1716.99299998889
-1735.94799998903
-1664.9219999875
-1727.12599998809
-1804.27499998647
-1742.7919999889
-1790.22099998375
-1675.08699999175
-1815.86899998496
-1784.38399998775
-1781.1679999889
-1741.7319999884
-1657.4459999916
-1741.18299998644
-1710.52499998926
-1744.78899998878
-1725.01199998861
-1765.00299998954
-1689.17999998935
-1854.25199998557
-1733.52299998594
-1720.40599998952
-1805.07599998328
-1687.02199998934
-1754.02099998552
-1722.38099998755
-1835.33799998385
-1703.36899998442
-1786.57699998623
-1814.32899998538
-1715.73299998362
-1716.22699998595
-1692.30999998949
-1723.94999998631
-1653.5119999916
-1730.69499998773
-1805.60699998674
-1764.46499998553
-1738.98699998697
-1832.39899998742
-1733.47099998456
-1657.08299998599
-1752.81699998686
-1676.268999989
-1775.16599998853
-1670.7339999879
-1775.13999998645
-1742.36999998887
-1728.54199998908
-1839.49899998292
-1684.27899999044
-1705.94699998755
-1696.55899998581
-1707.80599998704
-1839.84699998647
-1566.27299998789
-1776.59199998732
-1726.1159999881
-1648.48399998656
-1649.78199998659
-1719.83899998638
-1789.43599998563
-1788.74599998543
-1701.12399999004
-1715.94199998914
-1706.64599998956
-1707.00199998743
-1661.80699999069
-1715.64099998725
-1745.34899998645
-1780.46999998837
-1737.53599999055
-1772.10599998756
-1842.42299998531
-1737.52399998784
-1819.83199998358
-1780.39599998373
-1686.38399998961
-1718.45899998909
-1807.90899998655
-1691.71699998773
-1695.7039999864
-1727.04499998591
-1684.50099999032
-1750.52699998766
