-1909.90000000011
-1997.90000000004
-1927.00000000005
-1954.80000000002
-1999.60000000009
-2017.6000000001
-1955.70000000002
-1966.19999999998
-2065.20000000007
-1939.50000000006
-1977.20000000009
-2024.90000000004
-1953.70000000006
-2010.40000000006
-1999.50000000002
-1931.10000000004
-1974.50000000002
-2029.00000000005
-1932.49999999999
-2088.00000000008
-2004.90000000002
-2009.70000000005
-1979.29999999999
-1973.20000000006
-1934.10000000006
-1907.10000000009
-1983.90000000005
-2009.80000000012
-1881.50000000006
-1924.20000000002
-1997.60000000001
-2053.40000000012
-1983.20000000004
-2071.1000000001
-1964.50000000007
-2006.60000000007
-1997.60000000001
-2000.90000000003
-2072.50000000011
-1994.60000000002
-2047.70000000006
-1942.3000000001
-2005.50000000006
-1919.30000000005
-1890.00000000005
-1967.80000000005
-1923.00000000007
-2080.20000000007
-1986.60000000011
-1973.20000000001
-2006.50000000004
-1884.39999999998
-2047.90000000001
-2008.60000000007
-2079.6000000001
-2007.40000000006
-2029.20000000001
-2013.70000000001
-1973.5
-2016.70000000008
-1960.40000000002
-2061.5000000001
-2085.8000000001
-1970.8
-1975.09999999998
-2013.90000000004
-2015.50000000006
-1945.20000000003
-1965.80000000001
-2036.40000000003
-1890.79999999997
-1966.60000000007
-2034.00000000005
-2075.40000000009
-2002.1000000001
-2035.90000000007
-2016.70000000005
-1979.10000000005
-2029.60000000003
-1915.30000000006
-1922.70000000004
-2036.30000000011
-2053.60000000008
-2002.50000000008
-1897.90000000005
-2018.10000000003
-2022.90000000006
-1988.20000000007
-2032.00000000006
-2073.20000000017
-2059.80000000016
-1980.00000000008
-2039.60000000003
-2011.50000000001
-2018.20000000004
-2028.00000000012
-1987.70000000004
-2076.60000000009
-1972.10000000001
-1951.50000000004
-1980.40000000004
-1973.00000000003
-1850.3
-2016.20000000006
-1978.30000000008
-2041.30000000008
-1986.00000000001
-1958.90000000006
-2009.30000000008
-2057.00000000008
-1984.40000000005
-1956.4
-1920.70000000008
-2010.90000000007
-1980.80000000004
-2067.00000000008
-2025.70000000005
-1958.50000000002
-1940.8
-2008.20000000005
-1980.80000000003
-1950.50000000005
-1993.70000000004
-1938.40000000003
-1993.70000000004
-1888.3
-2067.40000000003
-1824.79999999999
-1951.80000000002
-1990.10000000005
-1983.90000000006
-1934.70000000009
-1941.20000000003
-1931.60000000006
-1995.30000000006
-2019.40000000006
-2021.90000000009
-1979.90000000004
-1983.30000000003
-1964.20000000005
-1910.80000000004
-1919.30000000002
-2065.40000000008
-1984.90000000008
-2030.20000000008
-1995.30000000002
-2102.1000000001
-1922.00000000002
-1916.30000000004
-1998.40000000005
-2014.90000000004
-2002.90000000001
-2049.50000000004
-1951.30000000006
-1940.10000000007
-1909.20000000001
-1990.60000000006
-1987.30000000005
-2076.10000000013
-1965.30000000001
-1971.60000000002
-1951.80000000001
-2039.30000000004
-2075.30000000007
-1959.8
-2005.69999999997
-2028.30000000004
-1945.60000000002
-2022.80000000007
-1946.50000000004
-2121.00000000016
-1976.60000000005
-1991.30000000005
-2061.80000000006
-1897.39999999999
-2007.4
-2023.10000000007
-1994.69999999999
-1932.20000000001
-1958.30000000003
-1985.9000000001
-2055.60000000006
-2011.30000000013
-1959.80000000004
-1955.09999999999
-1954.80000000006
-2004.50000000004
-1982.10000000003
-2031.50000000006
-1997.90000000004
-1973.9
-2006.2000000001
-2014.40000000006
-1987.90000000005
-1991.70000000002
-2000.90000000005
-1933.80000000001
-2018.30000000012
-1959.80000000004
-1892.70000000005
